1008;2;0;03/05/2020
1008;2;0;06/05/2020
1008;2;0;07/05/2020
1008;2;0;07/05/2020
1055;0;442;02/05/2020
1055;0;2664;04/05/2020
1055;1;2579;08/05/2020
1055;1;3103;10/05/2020
1055;2;0;11/05/2020
1055;2;0;14/05/2020
1055;1;2;14/05/2020
1108;2;0;05/05/2020
1108;2;0;05/05/2020
1108;0;625;05/05/2020
1108;2;0;09/05/2020
1108;1;1676;10/05/2020
1108;2;0;10/05/2020
1108;1;17;11/05/2020
1108;2;0;12/05/2020
1108;1;2;15/05/2020
1108;1;4;17/05/2020
1108;1;0;18/05/2020
1108;2;0;23/05/2020
1108;1;0;25/05/2020
1108;1;0;26/05/2020
1108;1;0;31/05/2020
1118;1;647;04/05/2020
1118;1;2243;05/05/2020
1118;1;153;08/05/2020
1118;0;166;10/05/2020
1118;1;253;12/05/2020
1118;1;120;16/05/2020
1169;0;2603;05/05/2020
1169;2;0;08/05/2020
1169;2;0;12/05/2020
1169;1;6377;13/05/2020
1169;1;438;13/05/2020
1169;1;246;13/05/2020
1169;2;0;15/05/2020
1178;2;0;01/05/2020
1178;0;3746;03/05/2020
1178;2;0;06/05/2020
1178;0;8001;10/05/2020
1178;1;10523;14/05/2020
1178;1;1923;15/05/2020
1178;0;3620;18/05/2020
1178;2;0;19/05/2020
1178;1;1023;21/05/2020
1178;0;33;24/05/2020
1178;0;1561;28/05/2020
1178;2;0;30/05/2020
1178;1;1055;03/06/2020
1178;0;3885;04/06/2020
1178;0;7176;04/06/2020
1187;2;0;04/05/2020
1187;2;0;09/05/2020
1187;1;348;13/05/2020
1187;2;0;18/05/2020
1187;2;0;18/05/2020
1187;2;0;22/05/2020
1187;0;366;27/05/2020
1187;2;0;29/05/2020
1187;2;0;31/05/2020
1187;2;0;03/06/2020
1187;2;0;03/06/2020
1187;2;0;07/06/2020
1187;1;91;12/06/2020
1187;0;697;15/06/2020
1187;2;0;17/06/2020
1187;1;472;18/06/2020
1029;2;0;01/05/2020
1029;1;1732;04/05/2020
1029;2;0;05/05/2020
1029;2;0;09/05/2020
1029;1;122;10/05/2020
1029;2;0;14/05/2020
1093;0;1084;03/05/2020
1093;2;0;03/05/2020
1093;2;0;07/05/2020
1093;2;0;08/05/2020
1093;2;0;11/05/2020
1093;1;2583;15/05/2020
1093;1;2057;17/05/2020
1093;1;137;17/05/2020
1093;0;416;20/05/2020
1093;1;589;23/05/2020
1093;0;420;27/05/2020
1093;1;887;01/06/2020
1093;1;57;02/06/2020
1093;1;80;03/06/2020
1093;0;61;05/06/2020
1093;2;0;07/06/2020
1093;2;0;11/06/2020
1093;0;60;12/06/2020
1093;2;0;13/06/2020
1093;0;134;15/06/2020
1093;1;153;20/06/2020
1093;0;105;21/06/2020
1093;1;143;23/06/2020
1093;1;35;23/06/2020
1093;1;4;24/06/2020
1093;0;20;25/06/2020
1093;2;0;30/06/2020
1093;0;48;30/06/2020
1093;2;0;30/06/2020
1167;2;0;05/05/2020
1167;0;1253;09/05/2020
1167;2;0;10/05/2020
1167;2;0;11/05/2020
1167;0;273;11/05/2020
1167;0;580;15/05/2020
1167;1;1856;15/05/2020
1167;1;1789;19/05/2020
1167;1;244;22/05/2020
1167;1;15;27/05/2020
1167;0;250;27/05/2020
1167;2;0;29/05/2020
1167;2;0;01/06/2020
1167;1;119;02/06/2020
1167;0;130;06/06/2020
1167;1;65;10/06/2020
1167;2;0;15/06/2020
1167;0;258;18/06/2020
1181;0;421;05/05/2020
1181;1;699;07/05/2020
1181;1;109;08/05/2020
1181;2;0;08/05/2020
1181;1;577;12/05/2020
1181;1;1836;12/05/2020
1181;0;38;12/05/2020
1181;1;93;17/05/2020
1181;2;0;20/05/2020
1181;1;82;21/05/2020
1181;0;2;23/05/2020
1181;1;12;24/05/2020
1181;2;0;26/05/2020
1181;0;4;26/05/2020
1181;2;0;27/05/2020
1194;2;0;01/05/2020
1194;2;0;02/05/2020
1194;1;663;05/05/2020
1194;2;0;05/05/2020
1194;1;699;08/05/2020
1194;2;0;09/05/2020
1194;1;21;12/05/2020
1194;2;0;14/05/2020
1194;1;3;17/05/2020
1194;2;0;17/05/2020
1194;1;15;21/05/2020
1194;1;0;22/05/2020
1194;1;0;22/05/2020
1194;2;0;27/05/2020
1194;2;0;30/05/2020
1194;2;0;01/06/2020
1194;1;0;05/06/2020
1194;2;0;09/06/2020
1206;2;0;05/05/2020
1206;0;323;07/05/2020
1206;1;26;09/05/2020
1206;0;496;11/05/2020
1206;0;500;14/05/2020
1206;0;166;14/05/2020
1206;2;0;18/05/2020
1206;2;0;21/05/2020
1206;2;0;22/05/2020
1206;1;671;23/05/2020
1206;2;0;24/05/2020
1206;1;899;24/05/2020
1206;1;292;25/05/2020
1206;1;1;30/05/2020
1206;1;4;04/06/2020
1206;1;0;04/06/2020
1206;2;0;07/06/2020
1206;2;0;12/06/2020
1206;0;0;14/06/2020
1206;0;0;19/06/2020
1206;1;0;22/06/2020
1206;0;0;26/06/2020
1206;0;0;29/06/2020
1206;1;0;29/06/2020
1206;2;0;02/07/2020
1206;2;0;05/07/2020
1206;2;0;09/07/2020
1206;0;0;12/07/2020
1206;1;0;16/07/2020
1039;0;3902;03/05/2020
1039;1;5314;05/05/2020
1039;2;0;06/05/2020
1039;0;1577;08/05/2020
1039;1;1616;10/05/2020
1050;0;859;01/05/2020
1050;2;0;03/05/2020
1050;0;1944;04/05/2020
1050;0;188;06/05/2020
1050;1;373;09/05/2020
1051;2;0;03/05/2020
1051;2;0;04/05/2020
1051;1;822;06/05/2020
1051;0;1581;07/05/2020
1051;0;1838;11/05/2020
1051;1;4424;14/05/2020
1127;2;0;05/05/2020
1127;1;2370;09/05/2020
1127;2;0;12/05/2020
1127;1;453;16/05/2020
1127;0;83;18/05/2020
1127;1;92;23/05/2020
1127;2;0;27/05/2020
1127;0;102;29/05/2020
1127;1;168;30/05/2020
1127;2;0;31/05/2020
1127;1;29;05/06/2020
1127;1;26;05/06/2020
1127;2;0;09/06/2020
1127;0;3;09/06/2020
1127;2;0;12/06/2020
1127;0;5;15/06/2020
1214;0;1828;03/05/2020
1214;0;2912;07/05/2020
1214;2;0;09/05/2020
1214;0;646;12/05/2020
1214;2;0;14/05/2020
1214;2;0;14/05/2020
1214;1;7963;15/05/2020
1214;1;136;16/05/2020
1214;1;1144;20/05/2020
1214;0;560;24/05/2020
1214;0;216;27/05/2020
1214;0;1223;01/06/2020
1214;0;1028;02/06/2020
1214;2;0;07/06/2020
1214;1;193;10/06/2020
1214;1;1726;14/06/2020
1214;1;102;16/06/2020
1214;0;1580;20/06/2020
1214;1;1344;21/06/2020
1214;1;791;25/06/2020
1052;1;223;03/05/2020
1052;0;436;08/05/2020
1052;2;0;11/05/2020
1052;2;0;14/05/2020
1052;2;0;16/05/2020
1052;0;18;18/05/2020
1052;0;146;23/05/2020
1052;2;0;26/05/2020
1052;0;220;31/05/2020
1052;2;0;02/06/2020
1052;1;1270;05/06/2020
1052;0;25;08/06/2020
1052;2;0;12/06/2020
1052;1;51;14/06/2020
1052;2;0;16/06/2020
1052;1;5;21/06/2020
1052;2;0;22/06/2020
1052;0;4;26/06/2020
1052;2;0;28/06/2020
1052;2;0;01/07/2020
1052;0;0;06/07/2020
1052;0;3;10/07/2020
1052;0;14;11/07/2020
1052;2;0;12/07/2020
1052;2;0;14/07/2020
1052;1;29;17/07/2020
1052;0;3;21/07/2020
1058;2;0;01/05/2020
1058;1;2317;06/05/2020
1058;0;1102;07/05/2020
1058;2;0;07/05/2020
1058;1;1707;10/05/2020
1058;2;0;13/05/2020
1058;0;393;16/05/2020
1058;0;835;17/05/2020
1058;1;1459;18/05/2020
1058;1;302;23/05/2020
1058;2;0;27/05/2020
1058;0;17;30/05/2020
1058;2;0;31/05/2020
1058;0;55;02/06/2020
1058;1;76;04/06/2020
1058;1;72;07/06/2020
1058;2;0;09/06/2020
1058;2;0;11/06/2020
1058;0;0;13/06/2020
1058;2;0;17/06/2020
1058;2;0;18/06/2020
1058;0;0;19/06/2020
1058;0;0;21/06/2020
1058;2;0;23/06/2020
1058;0;0;24/06/2020
1058;1;0;25/06/2020
1058;2;0;29/06/2020
1099;1;1449;02/05/2020
1099;2;0;05/05/2020
1099;0;137;06/05/2020
1099;2;0;08/05/2020
1099;1;348;09/05/2020
1099;1;1;10/05/2020
1099;0;2;11/05/2020
1099;2;0;11/05/2020
1099;1;2;12/05/2020
1099;2;0;12/05/2020
1099;0;1;13/05/2020
1099;0;3;14/05/2020
1099;2;0;15/05/2020
1099;2;0;19/05/2020
1099;2;0;24/05/2020
1099;2;0;24/05/2020
1099;0;1;29/05/2020
1133;1;213;02/05/2020
1133;2;0;04/05/2020
1133;1;846;06/05/2020
1133;1;325;06/05/2020
1133;2;0;08/05/2020
1133;1;1;13/05/2020
1133;1;39;18/05/2020
1133;1;77;19/05/2020
1133;0;71;20/05/2020
1133;2;0;20/05/2020
1133;1;147;21/05/2020
1133;1;27;26/05/2020
1133;2;0;27/05/2020
1133;2;0;29/05/2020
1133;1;1;31/05/2020
1133;2;0;05/06/2020
1133;1;0;05/06/2020
1133;0;0;09/06/2020
1133;2;0;12/06/2020
1133;0;0;14/06/2020
1133;0;0;16/06/2020
1133;0;0;20/06/2020
1141;0;47;03/05/2020
1141;2;0;06/05/2020
1141;1;459;09/05/2020
1141;0;436;09/05/2020
1141;1;283;09/05/2020
1141;1;322;10/05/2020
1141;0;608;12/05/2020
1141;2;0;13/05/2020
1141;1;597;17/05/2020
1141;1;143;18/05/2020
1141;0;456;20/05/2020
1141;2;0;25/05/2020
1141;2;0;26/05/2020
1141;1;176;28/05/2020
1141;0;637;29/05/2020
1141;0;468;30/05/2020
1141;2;0;30/05/2020
1141;0;1292;03/06/2020
1141;1;1839;03/06/2020
1141;0;164;05/06/2020
1141;2;0;05/06/2020
1141;1;1436;08/06/2020
1141;1;27;09/06/2020
1141;0;6;10/06/2020
1141;2;0;14/06/2020
1141;2;0;15/06/2020
1141;0;12;16/06/2020
1141;2;0;16/06/2020
1141;0;0;17/06/2020
1177;0;509;05/05/2020
1177;2;0;10/05/2020
1177;2;0;11/05/2020
1177;2;0;14/05/2020
1177;1;971;14/05/2020
1177;2;0;18/05/2020
1177;0;446;22/05/2020
1177;1;112;27/05/2020
1177;0;447;28/05/2020
1177;0;589;28/05/2020
1177;1;1752;30/05/2020
1177;2;0;02/06/2020
1177;1;39;03/06/2020
1177;2;0;07/06/2020
1177;2;0;08/06/2020
1177;1;24;10/06/2020
1177;2;0;12/06/2020
1177;0;1;13/06/2020
1177;2;0;15/06/2020
1177;2;0;17/06/2020
1177;2;0;20/06/2020
1177;0;1;25/06/2020
1177;0;3;26/06/2020
1033;1;37;03/05/2020
1033;1;167;04/05/2020
1033;2;0;07/05/2020
1033;1;1;11/05/2020
1033;0;1;15/05/2020
1033;0;0;15/05/2020
1033;2;0;16/05/2020
1033;1;2;21/05/2020
1033;0;0;21/05/2020
1033;1;0;23/05/2020
1033;0;0;24/05/2020
1033;0;0;24/05/2020
1033;2;0;26/05/2020
1033;1;0;30/05/2020
1033;1;0;03/06/2020
1072;1;2421;02/05/2020
1072;1;47;03/05/2020
1072;2;0;05/05/2020
1085;0;109;02/05/2020
1085;1;70;04/05/2020
1085;1;67;05/05/2020
1105;1;3582;02/05/2020
1105;2;0;02/05/2020
1105;2;0;03/05/2020
1105;0;5;08/05/2020
1105;0;0;13/05/2020
1105;0;81;16/05/2020
1105;2;0;16/05/2020
1105;0;358;18/05/2020
1105;2;0;22/05/2020
1105;2;0;24/05/2020
1105;0;65;28/05/2020
1105;0;554;31/05/2020
1105;1;703;05/06/2020
1105;1;224;08/06/2020
1105;0;67;08/06/2020
1105;0;136;10/06/2020
1105;1;87;10/06/2020
1112;1;344;03/05/2020
1112;1;3450;03/05/2020
1112;2;0;03/05/2020
1112;0;0;07/05/2020
1112;2;0;08/05/2020
1112;0;11;11/05/2020
1112;1;36;14/05/2020
1112;0;10;16/05/2020
1112;2;0;17/05/2020
1112;1;21;20/05/2020
1112;0;0;22/05/2020
1112;1;0;26/05/2020
1112;2;0;28/05/2020
1112;1;0;01/06/2020
1112;1;0;04/06/2020
1112;0;0;05/06/2020
1112;0;0;05/06/2020
1112;0;0;06/06/2020
1112;0;0;07/06/2020
1112;2;0;08/06/2020
1112;2;0;10/06/2020
1112;1;0;13/06/2020
1112;0;0;15/06/2020
1112;1;0;15/06/2020
1112;0;0;16/06/2020
1112;2;0;19/06/2020
1112;2;0;22/06/2020
1112;0;0;26/06/2020
1112;1;0;28/06/2020
1123;0;268;03/05/2020
1123;2;0;04/05/2020
1123;2;0;07/05/2020
1123;2;0;11/05/2020
1123;2;0;15/05/2020
1123;1;63;20/05/2020
1144;2;0;03/05/2020
1144;1;851;03/05/2020
1144;2;0;07/05/2020
1144;2;0;07/05/2020
1144;0;168;08/05/2020
1164;0;199;02/05/2020
1164;0;2328;07/05/2020
1164;2;0;12/05/2020
1164;1;244;15/05/2020
1164;2;0;19/05/2020
1164;1;2908;23/05/2020
1164;1;183;25/05/2020
1164;1;1792;29/05/2020
1164;2;0;30/05/2020
1164;0;31;03/06/2020
1164;2;0;07/06/2020
1164;0;285;10/06/2020
1164;2;0;12/06/2020
1164;2;0;13/06/2020
1164;2;0;13/06/2020
1164;0;553;15/06/2020
1216;2;0;03/05/2020
1216;2;0;08/05/2020
1216;1;191;10/05/2020
1004;0;714;04/05/2020
1004;0;143;06/05/2020
1004;1;1303;10/05/2020
1004;1;111;15/05/2020
1004;2;0;18/05/2020
1004;2;0;22/05/2020
1004;2;0;26/05/2020
1004;2;0;27/05/2020
1004;0;87;29/05/2020
1004;2;0;30/05/2020
1004;0;114;31/05/2020
1005;0;181;03/05/2020
1005;0;906;06/05/2020
1005;1;1237;06/05/2020
1005;2;0;11/05/2020
1005;2;0;12/05/2020
1005;0;793;14/05/2020
1005;1;1528;18/05/2020
1005;0;71;20/05/2020
1005;2;0;20/05/2020
1005;2;0;23/05/2020
1005;1;485;27/05/2020
1005;1;0;29/05/2020
1009;0;1313;01/05/2020
1009;0;538;05/05/2020
1009;2;0;07/05/2020
1009;1;2578;10/05/2020
1009;1;1440;13/05/2020
1009;2;0;17/05/2020
1009;2;0;17/05/2020
1009;0;1347;20/05/2020
1009;2;0;22/05/2020
1009;1;2434;23/05/2020
1009;0;0;26/05/2020
1009;2;0;27/05/2020
1015;1;801;03/05/2020
1015;0;457;06/05/2020
1015;0;530;07/05/2020
1015;1;192;10/05/2020
1015;0;640;14/05/2020
1015;0;866;15/05/2020
1015;0;1464;18/05/2020
1015;1;2554;20/05/2020
1015;1;1100;21/05/2020
1015;1;278;25/05/2020
1015;2;0;28/05/2020
1015;1;283;28/05/2020
1015;1;34;29/05/2020
1125;1;4;03/05/2020
1125;0;57;07/05/2020
1125;1;134;09/05/2020
1125;2;0;12/05/2020
1125;1;70;16/05/2020
1125;2;0;17/05/2020
1125;2;0;18/05/2020
1125;2;0;21/05/2020
1125;1;5;21/05/2020
1125;2;0;25/05/2020
1125;1;27;30/05/2020
1125;1;7;01/06/2020
1125;0;0;01/06/2020
1125;2;0;05/06/2020
1125;2;0;07/06/2020
1125;0;1;12/06/2020
1125;1;2;12/06/2020
1125;1;0;17/06/2020
1210;2;0;01/05/2020
1210;1;675;04/05/2020
1210;2;0;08/05/2020
1210;1;1860;11/05/2020
1210;2;0;12/05/2020
1210;2;0;13/05/2020
1210;0;314;16/05/2020
1210;2;0;16/05/2020
1210;0;931;17/05/2020
1219;2;0;02/05/2020
1219;2;0;03/05/2020
1219;0;1896;03/05/2020
1219;2;0;04/05/2020
1219;0;4289;08/05/2020
1219;0;7928;12/05/2020
1219;1;2701;13/05/2020
1219;0;7644;14/05/2020
1219;2;0;18/05/2020
1219;2;0;23/05/2020
1219;0;13697;25/05/2020
1219;0;6964;26/05/2020
1219;0;30293;29/05/2020
1030;2;0;05/05/2020
1030;1;755;09/05/2020
1030;2;0;09/05/2020
1030;1;508;11/05/2020
1030;2;0;13/05/2020
1030;1;240;18/05/2020
1030;0;556;20/05/2020
1030;0;612;20/05/2020
1030;1;809;24/05/2020
1030;0;1513;28/05/2020
1030;0;540;29/05/2020
1030;2;0;31/05/2020
1030;0;4210;31/05/2020
1030;2;0;31/05/2020
1030;2;0;04/06/2020
1030;2;0;06/06/2020
1030;2;0;07/06/2020
1030;0;5830;08/06/2020
1030;0;9130;10/06/2020
1030;2;0;15/06/2020
1030;0;21097;15/06/2020
1030;0;14625;16/06/2020
1030;0;1343;19/06/2020
1036;1;600;05/05/2020
1036;0;1614;07/05/2020
1140;0;1065;04/05/2020
1140;1;1764;05/05/2020
1140;0;2374;09/05/2020
1140;1;570;12/05/2020
1140;2;0;15/05/2020
1140;0;475;19/05/2020
1140;2;0;22/05/2020
1140;1;4619;25/05/2020
1140;2;0;30/05/2020
1189;2;0;04/05/2020
1189;2;0;05/05/2020
1189;0;1399;06/05/2020
1189;1;3526;10/05/2020
1189;2;0;12/05/2020
1189;1;16;14/05/2020
1189;2;0;18/05/2020
1190;2;0;03/05/2020
1190;1;2190;06/05/2020
1190;1;7;11/05/2020
1196;0;2276;04/05/2020
1196;1;4214;06/05/2020
1196;1;278;08/05/2020
1196;0;373;12/05/2020
1196;2;0;12/05/2020
1196;2;0;13/05/2020
1196;2;0;17/05/2020
1196;1;317;22/05/2020
1196;1;139;23/05/2020
1196;1;209;26/05/2020
1196;0;16;28/05/2020
1196;0;87;29/05/2020
1196;2;0;01/06/2020
1196;2;0;04/06/2020
1196;2;0;05/06/2020
1196;0;86;07/06/2020
1196;0;243;09/06/2020
1200;0;2126;04/05/2020
1200;1;2516;08/05/2020
1200;0;1647;08/05/2020
1200;0;3508;13/05/2020
1200;2;0;14/05/2020
1200;1;3740;14/05/2020
1200;2;0;16/05/2020
1200;0;2079;18/05/2020
1200;2;0;22/05/2020
1028;2;0;02/05/2020
1028;2;0;06/05/2020
1028;2;0;09/05/2020
1028;0;455;10/05/2020
1028;1;195;13/05/2020
1028;2;0;17/05/2020
1028;2;0;22/05/2020
1028;2;0;23/05/2020
1028;2;0;27/05/2020
1078;0;908;03/05/2020
1078;2;0;08/05/2020
1078;1;1349;12/05/2020
1078;2;0;13/05/2020
1078;2;0;18/05/2020
1078;1;1113;21/05/2020
1078;2;0;24/05/2020
1078;2;0;25/05/2020
1173;0;1257;01/05/2020
1173;2;0;06/05/2020
1173;0;4754;09/05/2020
1173;2;0;12/05/2020
1173;2;0;15/05/2020
1173;1;2483;20/05/2020
1173;2;0;23/05/2020
1173;1;5050;27/05/2020
1173;1;2124;28/05/2020
1173;0;226;31/05/2020
1173;1;373;03/06/2020
1173;0;214;06/06/2020
1173;1;230;09/06/2020
1173;2;0;10/06/2020
1173;0;143;14/06/2020
1173;2;0;17/06/2020
1173;0;299;18/06/2020
1173;2;0;18/06/2020
1173;0;528;22/06/2020
1173;1;254;23/06/2020
1173;2;0;25/06/2020
1173;2;0;28/06/2020
1173;0;636;30/06/2020
1173;0;1575;04/07/2020
1208;2;0;02/05/2020
1208;0;300;03/05/2020
1208;2;0;05/05/2020
1208;2;0;08/05/2020
1208;1;3028;10/05/2020
1208;2;0;15/05/2020
1208;0;361;16/05/2020
1208;0;947;21/05/2020
1208;1;692;26/05/2020
1208;2;0;27/05/2020
1208;0;1509;30/05/2020
1208;1;76;02/06/2020
1100;1;2023;01/05/2020
1100;1;114;03/05/2020
1100;0;785;05/05/2020
1100;2;0;09/05/2020
1100;2;0;09/05/2020
1100;2;0;09/05/2020
1100;2;0;10/05/2020
1100;2;0;12/05/2020
1100;0;505;12/05/2020
1100;2;0;13/05/2020
1100;0;1834;17/05/2020
1100;0;2243;19/05/2020
1100;2;0;20/05/2020
1100;2;0;22/05/2020
1100;0;3621;26/05/2020
1100;0;2433;27/05/2020
1100;0;12577;01/06/2020
1100;1;5501;04/06/2020
1100;1;15564;08/06/2020
1100;2;0;12/06/2020
1100;0;885;15/06/2020
1100;0;2828;17/06/2020
1100;2;0;21/06/2020
1100;1;6635;23/06/2020
1100;2;0;25/06/2020
1100;2;0;27/06/2020
1100;1;141;02/07/2020
1129;1;6;01/05/2020
1129;2;0;02/05/2020
1129;1;329;05/05/2020
1129;0;80;07/05/2020
1129;1;78;12/05/2020
1129;2;0;14/05/2020
1129;0;70;16/05/2020
1129;1;32;18/05/2020
1129;1;17;19/05/2020
1129;2;0;22/05/2020
1129;1;28;26/05/2020
1129;0;73;29/05/2020
1129;0;137;02/06/2020
1129;2;0;02/06/2020
1129;2;0;07/06/2020
1129;1;228;12/06/2020
1129;2;0;14/06/2020
1129;2;0;16/06/2020
1129;1;7;20/06/2020
1129;2;0;22/06/2020
1129;2;0;25/06/2020
1129;0;58;27/06/2020
1129;1;24;01/07/2020
1129;0;88;03/07/2020
1129;1;93;04/07/2020
1129;1;80;06/07/2020
1129;1;4;08/07/2020
1129;0;40;09/07/2020
1129;0;44;10/07/2020
1176;2;0;04/05/2020
1176;1;4;07/05/2020
1176;2;0;09/05/2020
1176;2;0;11/05/2020
1176;2;0;12/05/2020
1176;1;2;17/05/2020
1176;1;4;19/05/2020
1176;0;1;21/05/2020
1176;0;1;26/05/2020
1176;1;4;27/05/2020
1176;2;0;29/05/2020
1176;0;0;30/05/2020
1056;0;247;05/05/2020
1056;1;253;06/05/2020
1056;2;0;10/05/2020
1056;0;223;10/05/2020
1056;0;19;11/05/2020
1056;0;308;12/05/2020
1056;2;0;13/05/2020
1056;0;56;16/05/2020
1056;0;804;16/05/2020
1056;2;0;18/05/2020
1056;2;0;23/05/2020
1056;2;0;28/05/2020
1056;1;1536;31/05/2020
1056;0;75;02/06/2020
1056;1;10;02/06/2020
1056;1;99;04/06/2020
1056;2;0;07/06/2020
1056;0;58;08/06/2020
1056;1;127;12/06/2020
1056;1;9;15/06/2020
1062;0;116;03/05/2020
1062;1;1480;04/05/2020
1101;2;0;03/05/2020
1101;2;0;07/05/2020
1101;1;779;11/05/2020
1101;0;18;14/05/2020
1101;1;34;14/05/2020
1101;0;11;17/05/2020
1101;1;18;20/05/2020
1101;0;0;21/05/2020
1154;0;4714;04/05/2020
1154;0;8356;06/05/2020
1154;0;8462;08/05/2020
1154;1;12908;10/05/2020
1154;2;0;15/05/2020
1154;2;0;15/05/2020
1154;2;0;15/05/2020
1154;0;4968;20/05/2020
1154;2;0;24/05/2020
1154;0;8075;27/05/2020
1154;2;0;30/05/2020
1154;0;4426;02/06/2020
1205;2;0;03/05/2020
1205;0;100;03/05/2020
1205;0;1976;07/05/2020
1205;2;0;09/05/2020
1205;2;0;10/05/2020
1205;0;1855;12/05/2020
1205;0;4196;15/05/2020
1205;0;916;19/05/2020
1205;2;0;22/05/2020
1205;1;4046;27/05/2020
1205;1;4378;28/05/2020
1205;2;0;28/05/2020
1205;1;1714;28/05/2020
1205;0;83;30/05/2020
1205;0;2038;03/06/2020
1205;2;0;06/06/2020
1205;1;4064;06/06/2020
1205;2;0;07/06/2020
1205;0;80;12/06/2020
1205;2;0;17/06/2020
1205;1;182;18/06/2020
1205;2;0;20/06/2020
1205;0;57;22/06/2020
1205;0;91;27/06/2020
1205;1;205;30/06/2020
1110;2;0;04/05/2020
1110;0;1310;05/05/2020
1110;2;0;09/05/2020
1110;1;1562;10/05/2020
1110;2;0;10/05/2020
1110;1;236;10/05/2020
1110;1;591;10/05/2020
1110;1;972;13/05/2020
1110;1;291;13/05/2020
1110;1;40;14/05/2020
1110;1;25;17/05/2020
1113;1;2579;01/05/2020
1113;0;379;03/05/2020
1113;2;0;06/05/2020
1113;1;5;07/05/2020
1113;0;283;08/05/2020
1113;0;1151;10/05/2020
1113;1;683;11/05/2020
1113;1;942;12/05/2020
1113;1;908;12/05/2020
1113;1;10;16/05/2020
1113;0;11;18/05/2020
1113;0;38;20/05/2020
1113;1;87;22/05/2020
1113;0;3;23/05/2020
1113;2;0;26/05/2020
1113;1;4;30/05/2020
1113;1;0;01/06/2020
1113;0;5;03/06/2020
1113;1;1;04/06/2020
1113;2;0;07/06/2020
1113;1;3;10/06/2020
1113;0;5;14/06/2020
1113;2;0;17/06/2020
1113;2;0;21/06/2020
1136;0;3194;01/05/2020
1136;1;3610;05/05/2020
1136;0;1924;06/05/2020
1136;0;893;07/05/2020
1136;2;0;08/05/2020
1136;1;3481;08/05/2020
1136;2;0;13/05/2020
1136;2;0;15/05/2020
1136;2;0;19/05/2020
1136;1;882;20/05/2020
1136;2;0;23/05/2020
1136;1;1100;26/05/2020
1136;1;612;30/05/2020
1136;0;108;30/05/2020
1136;0;102;02/06/2020
1136;2;0;03/06/2020
1136;1;419;03/06/2020
1136;1;195;05/06/2020
1136;2;0;08/06/2020
1136;2;0;09/06/2020
1136;2;0;10/06/2020
1136;2;0;13/06/2020
1136;2;0;13/06/2020
1136;1;6;18/06/2020
1136;0;31;19/06/2020
1212;1;89;05/05/2020
1212;2;0;08/05/2020
1212;2;0;09/05/2020
1212;0;3054;09/05/2020
1212;1;892;14/05/2020
1212;2;0;17/05/2020
1212;0;3601;21/05/2020
1212;1;7796;26/05/2020
1212;0;1260;27/05/2020
1212;0;1951;27/05/2020
1212;1;500;29/05/2020
1212;2;0;31/05/2020
1212;2;0;03/06/2020
1212;1;3959;06/06/2020
1212;1;565;06/06/2020
1212;2;0;11/06/2020
1212;1;335;12/06/2020
1212;1;263;15/06/2020
1212;0;50;17/06/2020
1212;0;215;17/06/2020
1212;1;390;18/06/2020
1212;0;35;20/06/2020
1212;2;0;22/06/2020
1212;1;82;26/06/2020
1212;0;7;30/06/2020
1212;0;11;02/07/2020
1212;2;0;05/07/2020
1212;0;15;06/07/2020
1212;2;0;08/07/2020
1022;2;0;02/05/2020
1022;2;0;05/05/2020
1022;0;393;07/05/2020
1022;1;670;09/05/2020
1022;0;27;12/05/2020
1022;0;105;14/05/2020
1022;1;268;18/05/2020
1022;2;0;23/05/2020
1022;0;24;25/05/2020
1022;0;19;25/05/2020
1022;0;68;25/05/2020
1022;2;0;30/05/2020
1022;0;21;03/06/2020
1022;1;114;07/06/2020
1022;2;0;10/06/2020
1022;1;11;13/06/2020
1022;2;0;15/06/2020
1022;1;9;19/06/2020
1022;2;0;23/06/2020
1022;1;18;25/06/2020
1022;0;15;27/06/2020
1022;1;6;02/07/2020
1147;0;828;04/05/2020
1147;2;0;07/05/2020
1147;0;794;11/05/2020
1147;0;1805;13/05/2020
1147;2;0;18/05/2020
1147;1;5701;20/05/2020
1147;2;0;23/05/2020
1147;0;53;27/05/2020
1147;2;0;30/05/2020
1147;0;675;01/06/2020
1147;1;24;04/06/2020
1147;2;0;05/06/2020
1157;1;737;05/05/2020
1157;0;1515;10/05/2020
1157;2;0;15/05/2020
1157;1;4373;17/05/2020
1157;1;557;21/05/2020
1157;1;76;25/05/2020
1157;0;37;29/05/2020
1157;0;168;03/06/2020
1157;2;0;06/06/2020
1157;1;143;10/06/2020
1157;2;0;13/06/2020
1157;1;87;15/06/2020
1157;2;0;15/06/2020
1157;0;57;17/06/2020
1157;2;0;21/06/2020
1157;2;0;24/06/2020
1157;1;144;26/06/2020
1157;0;3;26/06/2020
1157;0;31;28/06/2020
1157;2;0;03/07/2020
1157;1;5;04/07/2020
1157;0;69;06/07/2020
1157;2;0;08/07/2020
1157;1;80;12/07/2020
1157;2;0;16/07/2020
1157;1;22;19/07/2020
1157;0;59;21/07/2020
1157;2;0;24/07/2020
1157;1;122;26/07/2020
1157;1;2;31/07/2020
1184;2;0;01/05/2020
1184;1;1368;02/05/2020
1184;2;0;03/05/2020
1184;0;307;05/05/2020
1184;0;664;08/05/2020
1184;0;355;09/05/2020
1184;2;0;12/05/2020
1184;2;0;16/05/2020
1184;1;195;18/05/2020
1184;1;3155;19/05/2020
1184;0;969;20/05/2020
1184;1;1122;24/05/2020
1184;2;0;27/05/2020
1184;0;508;29/05/2020
1184;0;1027;30/05/2020
1184;1;2075;01/06/2020
1184;2;0;02/06/2020
1184;0;258;06/06/2020
1184;0;184;09/06/2020
1184;1;111;10/06/2020
1184;2;0;13/06/2020
1184;0;699;14/06/2020
1184;2;0;18/06/2020
1184;2;0;22/06/2020
1184;1;762;25/06/2020
1184;0;478;29/06/2020
1184;1;16;01/07/2020
1184;2;0;05/07/2020
1184;2;0;07/07/2020
1195;0;462;02/05/2020
1195;1;387;03/05/2020
1195;1;706;07/05/2020
1195;2;0;11/05/2020
1195;1;141;16/05/2020
1195;0;364;18/05/2020
1195;1;55;19/05/2020
1195;2;0;22/05/2020
1195;2;0;22/05/2020
1195;2;0;25/05/2020
1195;0;1142;30/05/2020
1195;1;1051;01/06/2020
1195;1;6;04/06/2020
1195;1;63;05/06/2020
1195;1;880;06/06/2020
1195;2;0;06/06/2020
1195;0;161;09/06/2020
1195;1;157;10/06/2020
1002;0;418;04/05/2020
1002;1;73;05/05/2020
1002;1;906;06/05/2020
1002;2;0;10/05/2020
1002;0;45;12/05/2020
1002;1;43;17/05/2020
1002;0;67;21/05/2020
1002;1;122;24/05/2020
1002;0;8;28/05/2020
1002;2;0;29/05/2020
1002;2;0;01/06/2020
1002;2;0;05/06/2020
1002;2;0;08/06/2020
1002;0;8;09/06/2020
1057;2;0;04/05/2020
1057;0;850;07/05/2020
1057;2;0;11/05/2020
1057;0;721;13/05/2020
1057;2;0;14/05/2020
1057;1;1540;16/05/2020
1057;2;0;16/05/2020
1057;0;525;17/05/2020
1057;0;1341;20/05/2020
1057;2;0;22/05/2020
1057;0;2387;25/05/2020
1057;0;6302;26/05/2020
1067;1;1229;01/05/2020
1067;0;1019;01/05/2020
1067;1;1042;03/05/2020
1067;1;1026;07/05/2020
1067;0;4;11/05/2020
1067;1;19;13/05/2020
1067;2;0;16/05/2020
1067;0;24;20/05/2020
1067;0;11;22/05/2020
1067;2;0;22/05/2020
1067;2;0;26/05/2020
1067;2;0;30/05/2020
1126;1;82;01/05/2020
1126;1;676;05/05/2020
1126;0;250;10/05/2020
1126;2;0;12/05/2020
1126;0;75;16/05/2020
1126;0;173;20/05/2020
1126;1;516;21/05/2020
1126;0;213;25/05/2020
1126;2;0;26/05/2020
1126;2;0;30/05/2020
1126;0;33;04/06/2020
1126;1;440;06/06/2020
1126;2;0;10/06/2020
1126;0;88;11/06/2020
1126;0;69;11/06/2020
1126;1;138;16/06/2020
1126;2;0;19/06/2020
1126;0;90;20/06/2020
1126;1;85;22/06/2020
1126;0;109;26/06/2020
1126;1;92;29/06/2020
1126;0;123;30/06/2020
1126;1;134;01/07/2020
1126;1;44;06/07/2020
1126;2;0;10/07/2020
1148;0;333;04/05/2020
1148;1;424;06/05/2020
1148;2;0;07/05/2020
1148;2;0;11/05/2020
1193;1;3463;04/05/2020
1203;0;647;03/05/2020
1203;1;1557;05/05/2020
1203;2;0;05/05/2020
1203;1;133;07/05/2020
1203;2;0;09/05/2020
1203;1;50;10/05/2020
1203;0;27;12/05/2020
1203;1;7;16/05/2020
1203;0;67;20/05/2020
1203;2;0;23/05/2020
1203;2;0;26/05/2020
1203;1;111;30/05/2020
1203;1;14;31/05/2020
1203;2;0;02/06/2020
1203;0;10;03/06/2020
1203;0;9;06/06/2020
1203;2;0;08/06/2020
1158;2;0;01/05/2020
1158;1;440;05/05/2020
1158;1;442;08/05/2020
1158;0;21;11/05/2020
1158;1;6;14/05/2020
1158;1;30;18/05/2020
1158;2;0;22/05/2020
1204;2;0;02/05/2020
1204;0;1979;05/05/2020
1204;1;2202;10/05/2020
1204;0;3818;13/05/2020
1204;1;5319;15/05/2020
1204;0;442;18/05/2020
1204;0;1259;19/05/2020
1020;2;0;02/05/2020
1020;0;1335;02/05/2020
1020;0;159;05/05/2020
1020;1;1290;08/05/2020
1020;0;112;10/05/2020
1020;0;712;14/05/2020
1020;1;688;15/05/2020
1020;0;1361;20/05/2020
1020;1;3320;21/05/2020
1020;0;238;22/05/2020
1020;2;0;27/05/2020
1020;1;64;30/05/2020
1020;2;0;30/05/2020
1020;1;126;03/06/2020
1020;1;157;05/06/2020
1032;1;180;05/05/2020
1032;2;0;07/05/2020
1032;0;750;08/05/2020
1032;1;244;10/05/2020
1032;1;970;14/05/2020
1032;2;0;15/05/2020
1032;2;0;19/05/2020
1032;2;0;24/05/2020
1032;1;259;27/05/2020
1032;2;0;29/05/2020
1032;2;0;01/06/2020
1032;1;10;06/06/2020
1032;1;13;06/06/2020
1032;1;1;11/06/2020
1032;0;1;12/06/2020
1032;1;4;14/06/2020
1032;1;0;16/06/2020
1032;1;0;18/06/2020
1032;0;0;19/06/2020
1032;2;0;21/06/2020
1032;2;0;21/06/2020
1032;2;0;26/06/2020
1032;2;0;28/06/2020
1032;2;0;01/07/2020
1032;0;0;04/07/2020
1032;2;0;06/07/2020
1032;1;0;07/07/2020
1034;1;1029;01/05/2020
1034;1;312;02/05/2020
1034;1;121;05/05/2020
1034;1;22;08/05/2020
1034;1;11;13/05/2020
1034;1;24;15/05/2020
1034;2;0;19/05/2020
1034;1;16;23/05/2020
1034;0;1;27/05/2020
1061;0;50;02/05/2020
1061;1;40;05/05/2020
1061;2;0;08/05/2020
1061;1;26;11/05/2020
1061;1;39;12/05/2020
1061;0;3;16/05/2020
1061;2;0;19/05/2020
1061;0;13;21/05/2020
1061;0;4;22/05/2020
1061;2;0;23/05/2020
1061;0;12;26/05/2020
1061;2;0;30/05/2020
1061;0;30;01/06/2020
1061;0;34;04/06/2020
1061;2;0;09/06/2020
1073;1;6;02/05/2020
1073;1;17;04/05/2020
1073;1;8;08/05/2020
1073;0;10;08/05/2020
1073;1;4;09/05/2020
1073;2;0;11/05/2020
1073;0;17;12/05/2020
1089;1;1479;01/05/2020
1089;1;884;04/05/2020
1089;2;0;06/05/2020
1089;2;0;11/05/2020
1089;2;0;14/05/2020
1089;0;1186;18/05/2020
1089;2;0;19/05/2020
1089;0;322;19/05/2020
1089;0;199;23/05/2020
1089;1;708;25/05/2020
1089;2;0;25/05/2020
1089;2;0;30/05/2020
1089;1;2112;30/05/2020
1089;2;0;03/06/2020
1089;2;0;06/06/2020
1089;1;206;11/06/2020
1089;0;39;15/06/2020
1089;1;307;15/06/2020
1124;0;341;01/05/2020
1124;1;487;05/05/2020
1124;0;1016;05/05/2020
1124;0;597;09/05/2020
1124;2;0;13/05/2020
1124;2;0;16/05/2020
1124;0;1686;18/05/2020
1124;1;1026;20/05/2020
1124;2;0;25/05/2020
1124;1;253;27/05/2020
1124;0;235;28/05/2020
1124;1;2389;31/05/2020
1124;1;452;04/06/2020
1124;2;0;08/06/2020
1155;2;0;04/05/2020
1155;1;2084;06/05/2020
1155;1;1513;10/05/2020
1155;2;0;15/05/2020
1155;1;8;18/05/2020
1155;1;198;22/05/2020
1155;2;0;25/05/2020
1155;2;0;29/05/2020
1155;1;77;30/05/2020
1155;0;13;03/06/2020
1155;1;18;06/06/2020
1155;2;0;10/06/2020
1155;0;4;12/06/2020
1155;0;18;16/06/2020
1155;1;16;19/06/2020
1155;1;2;22/06/2020
1155;2;0;23/06/2020
1155;0;6;23/06/2020
1155;0;28;24/06/2020
1155;2;0;28/06/2020
1155;0;8;30/06/2020
1155;0;25;05/07/2020
1155;1;86;08/07/2020
1155;2;0;10/07/2020
1155;1;7;10/07/2020
1165;1;1633;01/05/2020
1165;0;208;04/05/2020
1165;1;358;07/05/2020
1165;0;35;10/05/2020
1165;1;128;13/05/2020
1165;0;30;17/05/2020
1165;2;0;18/05/2020
1165;0;110;22/05/2020
1165;0;39;22/05/2020
1165;0;85;26/05/2020
1165;1;118;30/05/2020
1165;1;103;01/06/2020
1165;2;0;02/06/2020
1165;1;99;05/06/2020
1165;1;1;09/06/2020
1165;2;0;14/06/2020
1165;2;0;14/06/2020
1165;2;0;17/06/2020
1165;1;2;21/06/2020
1165;1;4;23/06/2020
1165;1;2;25/06/2020
1165;2;0;30/06/2020
1165;1;14;30/06/2020
1165;0;0;04/07/2020
1165;1;0;08/07/2020
1211;2;0;05/05/2020
1211;0;3001;06/05/2020
1211;0;271;09/05/2020
1211;2;0;11/05/2020
1211;0;2882;14/05/2020
1211;1;3876;17/05/2020
1211;2;0;19/05/2020
1211;2;0;23/05/2020
1211;0;4683;27/05/2020
1211;2;0;28/05/2020
1211;1;8982;01/06/2020
1211;2;0;06/06/2020
1211;1;2486;10/06/2020
1211;1;242;12/06/2020
1211;0;0;15/06/2020
1211;0;14;19/06/2020
1211;2;0;21/06/2020
1211;2;0;21/06/2020
1211;1;0;24/06/2020
1211;0;6;29/06/2020
1211;1;19;30/06/2020
1007;0;1284;04/05/2020
1007;0;148;07/05/2020
1007;2;0;11/05/2020
1007;1;2878;16/05/2020
1007;1;378;18/05/2020
1007;2;0;22/05/2020
1007;2;0;26/05/2020
1007;1;255;30/05/2020
1007;1;139;01/06/2020
1007;1;244;05/06/2020
1007;0;40;06/06/2020
1007;2;0;06/06/2020
1007;1;79;10/06/2020
1012;2;0;05/05/2020
1012;0;923;07/05/2020
1012;1;857;11/05/2020
1012;0;372;13/05/2020
1018;0;2444;04/05/2020
1018;0;5760;08/05/2020
1018;2;0;11/05/2020
1018;2;0;12/05/2020
1018;0;9930;16/05/2020
1018;1;4858;18/05/2020
1018;0;3180;22/05/2020
1018;2;0;25/05/2020
1018;0;7221;30/05/2020
1018;2;0;03/06/2020
1018;1;20164;07/06/2020
1018;2;0;07/06/2020
1018;0;7106;11/06/2020
1018;1;227;15/06/2020
1018;1;3931;20/06/2020
1018;2;0;22/06/2020
1018;1;6375;25/06/2020
1018;0;3661;26/06/2020
1018;2;0;30/06/2020
1102;2;0;05/05/2020
1102;2;0;09/05/2020
1102;1;130;11/05/2020
1102;1;297;15/05/2020
1102;1;24;17/05/2020
1102;1;10;18/05/2020
1102;1;27;21/05/2020
1102;1;8;23/05/2020
1102;0;8;25/05/2020
1102;0;22;27/05/2020
1102;2;0;29/05/2020
1102;0;3;30/05/2020
1102;2;0;02/06/2020
1102;2;0;05/06/2020
1102;1;26;09/06/2020
1102;2;0;10/06/2020
1102;1;6;10/06/2020
1102;2;0;12/06/2020
1102;0;8;13/06/2020
1102;1;17;17/06/2020
1102;1;0;19/06/2020
1102;2;0;24/06/2020
1102;1;6;25/06/2020
1102;0;4;25/06/2020
1102;1;7;28/06/2020
1102;0;0;02/07/2020
1102;1;0;04/07/2020
1102;0;1;07/07/2020
1102;1;0;08/07/2020
1179;2;0;05/05/2020
1220;1;1742;01/05/2020
1220;2;0;04/05/2020
1220;2;0;06/05/2020
1220;1;758;08/05/2020
1220;1;0;09/05/2020
1060;2;0;02/05/2020
1060;1;1032;03/05/2020
1060;0;27;06/05/2020
1060;2;0;07/05/2020
1060;2;0;11/05/2020
1060;1;23;14/05/2020
1060;1;55;18/05/2020
1060;2;0;20/05/2020
1060;2;0;25/05/2020
1060;0;0;27/05/2020
1060;0;4;27/05/2020
1060;1;4;31/05/2020
1060;0;5;01/06/2020
1060;0;5;04/06/2020
1060;1;8;05/06/2020
1060;1;2;05/06/2020
1060;2;0;06/06/2020
1060;1;4;07/06/2020
1060;0;4;09/06/2020
1060;2;0;10/06/2020
1060;0;2;12/06/2020
1060;0;6;17/06/2020
1060;0;6;17/06/2020
1060;2;0;20/06/2020
1060;1;5;23/06/2020
1060;2;0;25/06/2020
1066;0;178;04/05/2020
1066;1;328;06/05/2020
1066;2;0;09/05/2020
1066;0;89;12/05/2020
1066;1;292;16/05/2020
1066;0;0;18/05/2020
1066;0;0;18/05/2020
1066;0;0;19/05/2020
1066;2;0;21/05/2020
1066;0;0;25/05/2020
1066;1;0;30/05/2020
1066;0;0;02/06/2020
1066;1;0;06/06/2020
1066;2;0;11/06/2020
1066;1;0;14/06/2020
1066;1;0;18/06/2020
1066;1;0;19/06/2020
1170;0;1111;03/05/2020
1170;2;0;07/05/2020
1170;1;1534;11/05/2020
1170;1;1478;15/05/2020
1170;2;0;18/05/2020
1170;0;280;19/05/2020
1170;1;184;22/05/2020
1170;1;500;22/05/2020
1170;2;0;25/05/2020
1170;0;5;28/05/2020
1170;1;17;31/05/2020
1170;2;0;02/06/2020
1170;2;0;02/06/2020
1170;2;0;04/06/2020
1170;0;0;05/06/2020
1170;2;0;08/06/2020
1180;1;67;02/05/2020
1180;2;0;07/05/2020
1180;2;0;09/05/2020
1180;0;162;10/05/2020
1180;0;104;11/05/2020
1180;0;1758;13/05/2020
1180;2;0;13/05/2020
1180;1;1069;14/05/2020
1180;2;0;15/05/2020
1180;0;2053;19/05/2020
1180;2;0;24/05/2020
1180;1;4459;27/05/2020
1180;0;149;29/05/2020
1180;2;0;03/06/2020
1180;0;139;08/06/2020
1180;2;0;09/06/2020
1180;2;0;11/06/2020
1180;1;575;12/06/2020
1180;2;0;15/06/2020
1180;0;204;16/06/2020
1180;2;0;20/06/2020
1180;2;0;20/06/2020
1180;0;367;21/06/2020
1180;1;63;23/06/2020
1180;2;0;23/06/2020
1180;0;284;24/06/2020
1180;0;71;24/06/2020
1218;1;650;03/05/2020
1218;1;123;07/05/2020
1218;1;278;11/05/2020
1218;2;0;13/05/2020
1218;0;0;14/05/2020
1218;1;0;18/05/2020
1218;1;0;19/05/2020
1218;0;0;24/05/2020
1218;1;4;24/05/2020
1218;1;0;27/05/2020
1218;0;0;28/05/2020
1218;2;0;29/05/2020
1218;0;0;01/06/2020
1218;1;0;02/06/2020
1218;2;0;03/06/2020
1218;1;0;07/06/2020
1218;0;0;07/06/2020
1218;0;0;12/06/2020
1218;2;0;15/06/2020
1218;1;0;17/06/2020
1218;2;0;20/06/2020
1218;0;0;22/06/2020
1218;0;0;23/06/2020
1218;2;0;25/06/2020
1218;0;0;29/06/2020
1218;2;0;03/07/2020
1218;2;0;05/07/2020
1218;0;0;08/07/2020
1218;2;0;09/07/2020
1218;0;0;13/07/2020
1024;2;0;02/05/2020
1024;1;821;06/05/2020
1024;1;1267;09/05/2020
1024;0;1928;13/05/2020
1024;0;2544;16/05/2020
1024;2;0;16/05/2020
1024;2;0;20/05/2020
1024;2;0;21/05/2020
1024;2;0;25/05/2020
1024;1;6053;26/05/2020
1024;0;304;27/05/2020
1024;1;309;27/05/2020
1024;2;0;31/05/2020
1024;0;49;02/06/2020
1024;0;261;03/06/2020
1024;1;357;08/06/2020
1024;0;315;12/06/2020
1024;0;653;14/06/2020
1027;0;498;01/05/2020
1027;2;0;06/05/2020
1027;0;1833;08/05/2020
1027;0;1343;11/05/2020
1027;2;0;13/05/2020
1027;0;6260;16/05/2020
1027;1;5126;17/05/2020
1027;1;5936;21/05/2020
1027;0;2343;25/05/2020
1027;1;272;28/05/2020
1027;0;3466;01/06/2020
1027;1;2645;06/06/2020
1027;2;0;10/06/2020
1027;1;479;15/06/2020
1027;1;2192;16/06/2020
1027;0;2153;20/06/2020
1027;1;3721;24/06/2020
1027;1;366;29/06/2020
1027;1;350;01/07/2020
1027;1;212;05/07/2020
1027;0;95;07/07/2020
1027;0;243;09/07/2020
1027;1;36;14/07/2020
1027;2;0;14/07/2020
1054;0;875;03/05/2020
1054;0;1001;06/05/2020
1054;0;746;06/05/2020
1054;2;0;09/05/2020
1054;1;2436;14/05/2020
1054;0;2700;16/05/2020
1054;0;1367;17/05/2020
1054;0;3356;19/05/2020
1054;1;4964;23/05/2020
1054;1;4183;27/05/2020
1054;2;0;31/05/2020
1054;0;117;04/06/2020
1054;2;0;05/06/2020
1054;2;0;08/06/2020
1054;2;0;08/06/2020
1054;1;747;09/06/2020
1075;2;0;02/05/2020
1075;0;52;04/05/2020
1075;2;0;08/05/2020
1075;1;91;13/05/2020
1075;2;0;14/05/2020
1075;0;22;17/05/2020
1075;1;16;18/05/2020
1075;0;11;20/05/2020
1075;1;36;22/05/2020
1075;0;4;25/05/2020
1075;0;0;28/05/2020
1075;2;0;01/06/2020
1075;1;2;01/06/2020
1075;2;0;06/06/2020
1075;0;0;07/06/2020
1075;2;0;08/06/2020
1075;2;0;09/06/2020
1209;0;2960;02/05/2020
1209;1;5044;07/05/2020
1209;1;2191;11/05/2020
1209;1;12;13/05/2020
1209;1;89;15/05/2020
1209;2;0;16/05/2020
1209;1;16;19/05/2020
1209;1;1;22/05/2020
1209;0;2;26/05/2020
1209;2;0;28/05/2020
1209;1;0;29/05/2020
1209;0;8;03/06/2020
1209;2;0;03/06/2020
1209;1;10;04/06/2020
1209;2;0;08/06/2020
1209;2;0;11/06/2020
1209;1;6;14/06/2020
1209;1;0;17/06/2020
1209;0;0;19/06/2020
1209;2;0;21/06/2020
1209;0;0;24/06/2020
1209;1;0;24/06/2020
1209;0;0;28/06/2020
1209;1;0;30/06/2020
1209;0;0;30/06/2020
1209;1;0;04/07/2020
1025;0;1951;02/05/2020
1025;1;1595;05/05/2020
1025;2;0;09/05/2020
1025;2;0;12/05/2020
1025;2;0;16/05/2020
1025;1;2262;17/05/2020
1025;1;314;21/05/2020
1025;1;172;25/05/2020
1025;2;0;27/05/2020
1025;1;34;29/05/2020
1025;1;195;02/06/2020
1025;0;20;05/06/2020
1025;2;0;07/06/2020
1025;2;0;07/06/2020
1025;1;25;08/06/2020
1025;2;0;12/06/2020
1025;1;37;13/06/2020
1025;0;9;15/06/2020
1025;2;0;17/06/2020
1025;1;16;19/06/2020
1025;0;18;23/06/2020
1068;1;48;04/05/2020
1068;2;0;05/05/2020
1068;2;0;05/05/2020
1068;1;3;09/05/2020
1068;0;0;11/05/2020
1068;0;6;15/05/2020
1068;2;0;15/05/2020
1068;1;6;17/05/2020
1068;0;5;19/05/2020
1068;0;2;23/05/2020
1083;1;216;01/05/2020
1083;2;0;02/05/2020
1083;1;329;03/05/2020
1083;2;0;03/05/2020
1083;2;0;04/05/2020
1083;1;350;05/05/2020
1083;0;715;08/05/2020
1083;1;483;09/05/2020
1083;2;0;10/05/2020
1083;1;976;15/05/2020
1083;1;14;15/05/2020
1083;0;178;18/05/2020
1083;0;77;23/05/2020
1083;2;0;26/05/2020
1083;2;0;26/05/2020
1083;0;370;28/05/2020
1083;0;217;28/05/2020
1095;2;0;01/05/2020
1095;2;0;05/05/2020
1095;0;658;09/05/2020
1156;1;199;03/05/2020
1156;0;33;06/05/2020
1156;0;281;06/05/2020
1156;0;219;08/05/2020
1156;0;992;12/05/2020
1156;1;359;16/05/2020
1156;1;1424;18/05/2020
1156;1;194;20/05/2020
1156;0;23;20/05/2020
1156;2;0;22/05/2020
1156;0;33;22/05/2020
1156;1;12;25/05/2020
1156;1;66;26/05/2020
1156;0;0;28/05/2020
1156;0;2;01/06/2020
1156;1;4;01/06/2020
1156;2;0;05/06/2020
1156;1;0;10/06/2020
1156;0;0;12/06/2020
1156;0;0;12/06/2020
1156;1;0;16/06/2020
1156;2;0;19/06/2020
1156;0;0;23/06/2020
1156;1;0;24/06/2020
1159;1;988;01/05/2020
1159;1;459;03/05/2020
1159;1;3;08/05/2020
1159;0;11;11/05/2020
1159;2;0;12/05/2020
1159;1;10;12/05/2020
1159;0;1;13/05/2020
1159;1;24;16/05/2020
1159;0;0;17/05/2020
1159;0;0;19/05/2020
1159;1;0;21/05/2020
1159;2;0;23/05/2020
1159;0;0;25/05/2020
1159;1;0;25/05/2020
1198;0;327;01/05/2020
1198;0;770;02/05/2020
1198;1;1187;04/05/2020
1198;2;0;05/05/2020
1198;2;0;07/05/2020
1198;0;1021;09/05/2020
1198;0;40;12/05/2020
1198;1;731;13/05/2020
1198;2;0;17/05/2020
1198;0;1324;20/05/2020
1198;2;0;20/05/2020
1198;2;0;23/05/2020
1198;0;2770;26/05/2020
1198;0;3921;30/05/2020
1198;0;2684;01/06/2020
1198;1;3297;04/06/2020
1198;2;0;07/06/2020
1198;0;8306;12/06/2020
1198;2;0;16/06/2020
1001;0;398;03/05/2020
1134;1;1054;01/05/2020
1134;0;169;06/05/2020
1134;2;0;11/05/2020
1134;2;0;12/05/2020
1134;0;55;13/05/2020
1134;0;640;15/05/2020
1134;1;200;16/05/2020
1134;1;73;18/05/2020
1134;2;0;19/05/2020
1202;1;202;05/05/2020
1202;0;804;07/05/2020
1202;0;1257;07/05/2020
1202;0;826;09/05/2020
1003;0;922;04/05/2020
1003;2;0;07/05/2020
1003;2;0;12/05/2020
1003;0;2948;16/05/2020
1003;0;276;16/05/2020
1003;1;4718;18/05/2020
1003;0;1822;23/05/2020
1003;1;3120;23/05/2020
1003;1;396;27/05/2020
1003;2;0;01/06/2020
1003;2;0;03/06/2020
1003;1;74;04/06/2020
1003;1;195;05/06/2020
1003;1;24;08/06/2020
1003;1;51;13/06/2020
1003;0;1;15/06/2020
1003;0;0;17/06/2020
1003;1;0;19/06/2020
1003;2;0;22/06/2020
1003;1;1;23/06/2020
1003;2;0;27/06/2020
1010;1;879;03/05/2020
1010;2;0;07/05/2020
1010;0;287;08/05/2020
1010;2;0;09/05/2020
1010;2;0;10/05/2020
1010;0;82;12/05/2020
1010;2;0;15/05/2020
1010;0;28;20/05/2020
1010;1;374;23/05/2020
1010;2;0;28/05/2020
1010;1;170;01/06/2020
1010;2;0;02/06/2020
1010;2;0;05/06/2020
1010;0;122;07/06/2020
1010;0;65;11/06/2020
1010;1;322;14/06/2020
1010;1;2;15/06/2020
1010;0;7;16/06/2020
1010;1;3;20/06/2020
1010;1;3;21/06/2020
1010;0;3;25/06/2020
1010;0;2;25/06/2020
1010;1;0;26/06/2020
1010;2;0;29/06/2020
1010;2;0;03/07/2020
1010;0;12;07/07/2020
1010;0;25;10/07/2020
1010;0;17;10/07/2020
1010;2;0;14/07/2020
1010;1;11;15/07/2020
1046;0;989;02/05/2020
1046;0;1871;06/05/2020
1046;0;502;10/05/2020
1046;0;6034;12/05/2020
1046;1;10624;14/05/2020
1046;1;451;17/05/2020
1046;1;523;22/05/2020
1046;1;289;26/05/2020
1046;0;36;28/05/2020
1046;1;548;30/05/2020
1046;0;111;30/05/2020
1046;1;69;31/05/2020
1046;1;73;02/06/2020
1046;0;80;05/06/2020
1046;1;129;08/06/2020
1046;1;35;10/06/2020
1090;0;1163;04/05/2020
1090;2;0;07/05/2020
1090;1;17;10/05/2020
1090;0;1513;12/05/2020
1090;2;0;14/05/2020
1090;0;328;15/05/2020
1090;0;3150;16/05/2020
1090;2;0;19/05/2020
1090;0;4779;20/05/2020
1090;0;7915;20/05/2020
1090;1;7227;21/05/2020
1090;2;0;26/05/2020
1090;1;2495;26/05/2020
1090;2;0;27/05/2020
1090;0;3675;01/06/2020
1094;0;1287;05/05/2020
1094;1;2470;06/05/2020
1094;1;1226;08/05/2020
1094;1;329;09/05/2020
1094;1;80;11/05/2020
1094;1;48;14/05/2020
1094;2;0;14/05/2020
1094;2;0;17/05/2020
1094;2;0;18/05/2020
1094;1;60;23/05/2020
1094;1;3;26/05/2020
1094;1;1;30/05/2020
1094;0;2;01/06/2020
1094;0;4;04/06/2020
1094;1;4;05/06/2020
1094;0;3;08/06/2020
1094;0;1;13/06/2020
1094;1;5;17/06/2020
1094;2;0;21/06/2020
1094;1;3;25/06/2020
1094;2;0;29/06/2020
1094;1;0;29/06/2020
1094;2;0;29/06/2020
1094;1;0;02/07/2020
1094;0;0;03/07/2020
1094;1;0;03/07/2020
1094;0;0;03/07/2020
1000;0;2589;01/05/2020
1000;2;0;05/05/2020
1000;1;464;09/05/2020
1000;2;0;13/05/2020
1000;0;5282;17/05/2020
1000;0;7641;17/05/2020
1000;1;14625;21/05/2020
1000;1;3154;23/05/2020
1000;1;72;26/05/2020
1000;0;76;30/05/2020
1000;0;135;02/06/2020
1000;0;518;02/06/2020
1000;0;965;04/06/2020
1000;2;0;08/06/2020
1000;2;0;10/06/2020
1000;0;746;11/06/2020
1000;2;0;13/06/2020
1000;0;796;14/06/2020
1000;0;2131;19/06/2020
1000;2;0;23/06/2020
1000;0;1741;27/06/2020
1021;1;666;01/05/2020
1021;2;0;05/05/2020
1021;2;0;10/05/2020
1021;1;39;13/05/2020
1021;2;0;13/05/2020
1021;0;43;15/05/2020
1021;1;20;19/05/2020
1021;0;74;20/05/2020
1021;0;19;20/05/2020
1021;1;55;23/05/2020
1021;2;0;28/05/2020
1021;0;105;30/05/2020
1021;0;99;04/06/2020
1021;2;0;06/06/2020
1021;0;251;10/06/2020
1021;0;439;13/06/2020
1021;1;145;18/06/2020
1021;2;0;22/06/2020
1021;0;346;26/06/2020
1021;2;0;27/06/2020
1021;2;0;30/06/2020
1021;1;940;02/07/2020
1021;2;0;04/07/2020
1021;1;61;06/07/2020
1021;1;125;07/07/2020
1021;0;3;08/07/2020
1059;2;0;03/05/2020
1059;2;0;06/05/2020
1059;2;0;07/05/2020
1059;2;0;10/05/2020
1059;0;2580;14/05/2020
1059;0;3035;17/05/2020
1059;2;0;20/05/2020
1059;1;8716;21/05/2020
1059;0;37;24/05/2020
1059;1;9;26/05/2020
1059;2;0;30/05/2020
1059;1;48;03/06/2020
1077;1;141;04/05/2020
1077;2;0;07/05/2020
1077;2;0;07/05/2020
1077;0;90;10/05/2020
1077;0;196;13/05/2020
1077;0;72;17/05/2020
1092;1;469;05/05/2020
1092;0;969;07/05/2020
1092;0;1591;12/05/2020
1092;0;2839;15/05/2020
1092;0;69;16/05/2020
1092;0;1805;21/05/2020
1092;0;4613;21/05/2020
1092;0;3252;22/05/2020
1092;2;0;25/05/2020
1092;2;0;27/05/2020
1142;1;3296;02/05/2020
1142;1;1165;06/05/2020
1142;0;141;07/05/2020
1016;1;2508;04/05/2020
1016;0;37;06/05/2020
1016;1;18;10/05/2020
1016;0;27;10/05/2020
1016;0;21;11/05/2020
1016;0;109;13/05/2020
1016;2;0;15/05/2020
1016;0;171;16/05/2020
1016;0;380;20/05/2020
1016;1;201;21/05/2020
1016;0;91;25/05/2020
1016;2;0;26/05/2020
1016;1;601;28/05/2020
1016;2;0;31/05/2020
1016;0;93;04/06/2020
1016;1;82;05/06/2020
1016;0;85;10/06/2020
1016;2;0;12/06/2020
1016;1;111;14/06/2020
1016;2;0;17/06/2020
1016;1;4;21/06/2020
1016;0;16;22/06/2020
1016;0;43;25/06/2020
1087;1;626;01/05/2020
1087;0;66;04/05/2020
1087;0;102;06/05/2020
1087;1;114;08/05/2020
1087;1;60;11/05/2020
1087;0;12;12/05/2020
1087;1;80;16/05/2020
1088;2;0;01/05/2020
1088;2;0;04/05/2020
1088;2;0;06/05/2020
1088;2;0;11/05/2020
1088;0;71;14/05/2020
1088;2;0;17/05/2020
1088;1;1377;19/05/2020
1088;1;108;20/05/2020
1088;1;363;24/05/2020
1088;2;0;29/05/2020
1088;0;318;31/05/2020
1088;2;0;01/06/2020
1088;0;584;06/06/2020
1088;1;1192;09/06/2020
1088;0;57;09/06/2020
1088;1;34;11/06/2020
1088;1;42;14/06/2020
1088;2;0;15/06/2020
1088;1;42;19/06/2020
1088;2;0;20/06/2020
1088;2;0;24/06/2020
1088;1;53;27/06/2020
1088;1;1;02/07/2020
1088;1;1;07/07/2020
1088;1;0;10/07/2020
1096;0;61;01/05/2020
1096;0;42;03/05/2020
1096;0;133;05/05/2020
1096;0;137;06/05/2020
1096;1;284;09/05/2020
1096;0;73;12/05/2020
1096;1;6;17/05/2020
1096;2;0;18/05/2020
1096;0;183;20/05/2020
1096;0;222;24/05/2020
1096;0;115;26/05/2020
1096;1;238;26/05/2020
1096;2;0;27/05/2020
1096;1;322;27/05/2020
1096;0;168;28/05/2020
1096;0;38;30/05/2020
1096;2;0;02/06/2020
1096;2;0;05/06/2020
1096;2;0;06/06/2020
1096;2;0;08/06/2020
1096;0;57;09/06/2020
1096;1;471;10/06/2020
1096;2;0;12/06/2020
1096;1;1;17/06/2020
1096;1;0;19/06/2020
1116;2;0;05/05/2020
1116;2;0;06/05/2020
1116;0;2312;07/05/2020
1116;0;2476;11/05/2020
1116;1;152;16/05/2020
1116;0;3474;18/05/2020
1116;1;5050;22/05/2020
1116;1;4667;23/05/2020
1116;1;328;23/05/2020
1116;0;327;26/05/2020
1116;1;667;27/05/2020
1116;0;289;29/05/2020
1116;2;0;02/06/2020
1116;2;0;04/06/2020
1116;0;619;08/06/2020
1116;2;0;09/06/2020
1116;1;356;12/06/2020
1116;0;745;16/06/2020
1116;2;0;21/06/2020
1116;2;0;23/06/2020
1116;2;0;25/06/2020
1116;2;0;30/06/2020
1116;1;990;02/07/2020
1116;1;117;04/07/2020
1116;1;290;07/07/2020
1116;1;137;07/07/2020
1143;1;423;05/05/2020
1143;1;536;09/05/2020
1143;0;2812;11/05/2020
1143;0;3187;13/05/2020
1143;0;7337;16/05/2020
1143;0;14591;20/05/2020
1143;1;29780;25/05/2020
1143;1;889;29/05/2020
1143;0;56;30/05/2020
1143;1;167;31/05/2020
1143;1;296;05/06/2020
1171;2;0;01/05/2020
1171;0;814;05/05/2020
1171;2;0;07/05/2020
1171;1;3171;07/05/2020
1171;0;204;12/05/2020
1171;1;408;15/05/2020
1171;2;0;18/05/2020
1171;0;72;23/05/2020
1171;1;7;27/05/2020
1171;1;125;31/05/2020
1171;2;0;03/06/2020
1171;1;4;05/06/2020
1171;2;0;08/06/2020
1171;1;24;12/06/2020
1171;0;11;16/06/2020
1171;2;0;19/06/2020
1171;1;66;22/06/2020
1192;2;0;01/05/2020
1192;1;3152;02/05/2020
1192;2;0;02/05/2020
1192;0;456;03/05/2020
1192;2;0;06/05/2020
1192;2;0;09/05/2020
1192;1;244;10/05/2020
1192;0;902;13/05/2020
1192;0;629;13/05/2020
1192;1;197;14/05/2020
1192;2;0;16/05/2020
1192;2;0;19/05/2020
1192;1;1240;22/05/2020
1192;2;0;24/05/2020
1192;1;173;25/05/2020
1192;2;0;30/05/2020
1192;1;308;30/05/2020
1192;0;228;01/06/2020
1192;1;626;02/06/2020
1192;1;185;04/06/2020
1192;0;40;05/06/2020
1192;2;0;09/06/2020
1192;0;206;09/06/2020
1038;0;73;01/05/2020
1038;2;0;05/05/2020
1038;1;1742;07/05/2020
1038;0;933;07/05/2020
1038;0;1536;08/05/2020
1038;2;0;12/05/2020
1038;0;1228;15/05/2020
1038;0;70;15/05/2020
1038;1;2803;16/05/2020
1038;2;0;19/05/2020
1038;2;0;23/05/2020
1038;1;64;23/05/2020
1038;0;763;23/05/2020
1038;2;0;25/05/2020
1038;2;0;28/05/2020
1038;0;63;30/05/2020
1038;1;1195;01/06/2020
1038;0;872;05/06/2020
1038;1;383;05/06/2020
1038;2;0;09/06/2020
1038;2;0;13/06/2020
1038;2;0;15/06/2020
1038;1;1557;18/06/2020
1038;0;380;18/06/2020
1038;2;0;20/06/2020
1038;0;116;24/06/2020
1038;1;463;27/06/2020
1038;2;0;29/06/2020
1038;0;336;04/07/2020
1038;2;0;08/07/2020
1049;0;56;02/05/2020
1111;0;3570;01/05/2020
1111;2;0;04/05/2020
1111;0;5475;07/05/2020
1111;1;4585;09/05/2020
1111;0;4288;11/05/2020
1111;0;2787;13/05/2020
1201;0;902;03/05/2020
1201;0;1164;07/05/2020
1201;1;1255;12/05/2020
1201;2;0;15/05/2020
1201;0;939;16/05/2020
1201;2;0;16/05/2020
1201;0;1207;21/05/2020
1201;0;287;24/05/2020
1201;2;0;25/05/2020
1201;2;0;28/05/2020
1201;2;0;01/06/2020
1201;0;135;02/06/2020
1201;2;0;04/06/2020
1201;2;0;05/06/2020
1201;1;3284;08/06/2020
1201;2;0;12/06/2020
1201;2;0;13/06/2020
1201;0;130;17/06/2020
1201;0;1087;21/06/2020
1201;2;0;25/06/2020
1201;1;1405;30/06/2020
1201;1;28;01/07/2020
1201;2;0;03/07/2020
1201;0;204;08/07/2020
1201;1;163;12/07/2020
1201;1;768;13/07/2020
1201;0;87;16/07/2020
1201;1;179;16/07/2020
1207;2;0;05/05/2020
1207;0;219;07/05/2020
1207;2;0;10/05/2020
1207;1;138;12/05/2020
1207;0;1584;13/05/2020
1207;2;0;15/05/2020
1207;2;0;16/05/2020
1207;1;3639;16/05/2020
1207;1;5;19/05/2020
1207;2;0;20/05/2020
1019;1;2376;01/05/2020
1019;0;281;01/05/2020
1019;2;0;04/05/2020
1019;1;6;08/05/2020
1019;2;0;10/05/2020
1019;2;0;14/05/2020
1019;2;0;16/05/2020
1019;0;671;16/05/2020
1019;1;1066;20/05/2020
1019;1;24;24/05/2020
1019;0;92;26/05/2020
1019;1;183;29/05/2020
1019;0;147;01/06/2020
1019;2;0;06/06/2020
1019;0;325;07/06/2020
1019;2;0;09/06/2020
1019;0;162;14/06/2020
1019;2;0;14/06/2020
1019;2;0;19/06/2020
1019;2;0;23/06/2020
1019;0;197;25/06/2020
1019;2;0;29/06/2020
1019;0;225;30/06/2020
1019;2;0;30/06/2020
1019;0;1240;03/07/2020
1019;1;2532;04/07/2020
1019;2;0;06/07/2020
1019;1;19;10/07/2020
1019;2;0;13/07/2020
1026;2;0;03/05/2020
1026;0;157;07/05/2020
1026;2;0;10/05/2020
1026;0;129;13/05/2020
1026;1;24;13/05/2020
1026;0;203;18/05/2020
1026;1;561;21/05/2020
1026;1;66;25/05/2020
1026;0;8;27/05/2020
1026;2;0;29/05/2020
1026;0;20;30/05/2020
1026;2;0;02/06/2020
1026;0;63;03/06/2020
1026;1;39;04/06/2020
1037;2;0;02/05/2020
1037;0;8;03/05/2020
1037;0;11;08/05/2020
1037;1;25;12/05/2020
1037;1;4;16/05/2020
1037;2;0;18/05/2020
1037;2;0;19/05/2020
1037;0;0;20/05/2020
1037;1;5;23/05/2020
1037;2;0;26/05/2020
1037;0;2;28/05/2020
1037;1;4;29/05/2020
1037;2;0;02/06/2020
1037;2;0;02/06/2020
1037;0;1;05/06/2020
1037;2;0;06/06/2020
1037;1;2;10/06/2020
1037;2;0;12/06/2020
1037;2;0;16/06/2020
1037;0;0;20/06/2020
1037;1;0;23/06/2020
1037;0;0;24/06/2020
1037;1;0;27/06/2020
1037;1;0;30/06/2020
1065;0;776;01/05/2020
1065;2;0;04/05/2020
1065;2;0;07/05/2020
1065;1;3595;11/05/2020
1065;1;24;15/05/2020
1065;2;0;17/05/2020
1065;2;0;18/05/2020
1065;0;160;20/05/2020
1065;2;0;22/05/2020
1065;0;895;25/05/2020
1065;0;1478;25/05/2020
1065;0;1552;27/05/2020
1065;2;0;29/05/2020
1065;1;3987;30/05/2020
1065;2;0;03/06/2020
1065;1;615;04/06/2020
1065;2;0;05/06/2020
1065;0;59;07/06/2020
1065;1;267;07/06/2020
1104;0;728;02/05/2020
1104;1;1835;02/05/2020
1104;0;1;05/05/2020
1104;0;312;08/05/2020
1104;0;511;12/05/2020
1104;1;673;13/05/2020
1104;0;236;15/05/2020
1104;1;935;17/05/2020
1104;1;10;18/05/2020
1104;0;0;22/05/2020
1104;2;0;23/05/2020
1104;0;0;24/05/2020
1104;0;0;25/05/2020
1104;2;0;30/05/2020
1104;2;0;01/06/2020
1104;0;0;05/06/2020
1104;0;0;09/06/2020
1104;1;0;13/06/2020
1104;0;0;15/06/2020
1104;2;0;19/06/2020
1104;2;0;21/06/2020
1114;1;35;02/05/2020
1114;0;3471;06/05/2020
1114;0;1014;10/05/2020
1114;0;5380;12/05/2020
1114;2;0;16/05/2020
1114;1;13077;19/05/2020
1114;2;0;24/05/2020
1114;1;255;27/05/2020
1114;2;0;30/05/2020
1114;1;29;01/06/2020
1114;0;22;03/06/2020
1114;2;0;06/06/2020
1114;2;0;10/06/2020
1114;1;49;13/06/2020
1114;1;8;18/06/2020
1114;2;0;18/06/2020
1114;0;4;23/06/2020
1114;0;3;27/06/2020
1114;0;14;28/06/2020
1114;1;11;03/07/2020
1114;0;13;06/07/2020
1114;1;3;07/07/2020
1114;0;25;08/07/2020
1114;0;21;09/07/2020
1114;2;0;14/07/2020
1114;0;72;15/07/2020
1114;1;137;16/07/2020
1114;1;3;20/07/2020
1114;1;4;21/07/2020
1135;2;0;02/05/2020
1135;0;1608;06/05/2020
1135;1;5283;11/05/2020
1135;2;0;15/05/2020
1135;2;0;19/05/2020
1135;2;0;22/05/2020
1135;1;65;27/05/2020
1135;2;0;01/06/2020
1135;2;0;05/06/2020
1135;1;6;09/06/2020
1135;2;0;14/06/2020
1135;0;1;14/06/2020
1135;0;0;18/06/2020
1135;2;0;22/06/2020
1135;0;0;26/06/2020
1135;2;0;27/06/2020
1135;2;0;30/06/2020
1135;2;0;03/07/2020
1135;2;0;04/07/2020
1135;0;3;09/07/2020
1135;0;12;12/07/2020
1146;0;465;05/05/2020
1146;1;3072;09/05/2020
1174;0;631;03/05/2020
1174;2;0;07/05/2020
1174;2;0;08/05/2020
1174;0;790;10/05/2020
1174;2;0;11/05/2020
1174;2;0;14/05/2020
1174;0;1569;17/05/2020
1174;2;0;22/05/2020
1174;0;1229;23/05/2020
1174;2;0;27/05/2020
1174;2;0;28/05/2020
1174;2;0;01/06/2020
1174;2;0;05/06/2020
1174;0;1532;06/06/2020
1174;0;4462;08/06/2020
1174;1;8954;12/06/2020
1174;2;0;14/06/2020
1174;2;0;19/06/2020
1174;2;0;20/06/2020
1174;1;1070;23/06/2020
1174;1;799;26/06/2020
1199;1;1295;02/05/2020
1199;2;0;04/05/2020
1199;0;2441;08/05/2020
1199;2;0;10/05/2020
1199;1;287;13/05/2020
1199;2;0;15/05/2020
1199;0;2715;17/05/2020
1199;2;0;18/05/2020
1199;2;0;21/05/2020
1199;0;1078;22/05/2020
1199;2;0;25/05/2020
1043;0;11;01/05/2020
1043;0;8;03/05/2020
1043;2;0;04/05/2020
1043;2;0;07/05/2020
1043;2;0;07/05/2020
1043;2;0;07/05/2020
1043;2;0;12/05/2020
1043;2;0;13/05/2020
1043;2;0;17/05/2020
1043;0;96;19/05/2020
1043;0;23;24/05/2020
1043;2;0;26/05/2020
1043;2;0;28/05/2020
1043;2;0;31/05/2020
1043;1;5;04/06/2020
1043;1;107;06/06/2020
1043;0;53;06/06/2020
1043;2;0;09/06/2020
1043;2;0;12/06/2020
1043;2;0;14/06/2020
1043;2;0;15/06/2020
1043;2;0;17/06/2020
1043;1;189;18/06/2020
1045;0;2531;05/05/2020
1045;0;2342;06/05/2020
1045;0;4962;08/05/2020
1045;0;2276;10/05/2020
1045;0;4862;12/05/2020
1045;1;11338;13/05/2020
1045;0;6039;18/05/2020
1045;2;0;22/05/2020
1045;0;13334;25/05/2020
1045;2;0;27/05/2020
1045;2;0;28/05/2020
1045;1;7001;30/05/2020
1045;2;0;31/05/2020
1045;1;716;05/06/2020
1045;1;20089;07/06/2020
1045;0;789;10/06/2020
1081;0;4051;02/05/2020
1081;2;0;05/05/2020
1081;1;3531;05/05/2020
1081;0;2623;08/05/2020
1081;1;741;09/05/2020
1081;0;4643;10/05/2020
1081;1;718;10/05/2020
1081;1;987;14/05/2020
1081;1;5991;15/05/2020
1098;0;2280;04/05/2020
1098;0;6305;07/05/2020
1098;1;5815;10/05/2020
1098;2;0;10/05/2020
1098;2;0;14/05/2020
1107;2;0;03/05/2020
1107;2;0;07/05/2020
1107;1;8;08/05/2020
1107;2;0;10/05/2020
1107;2;0;11/05/2020
1107;0;308;12/05/2020
1107;0;546;14/05/2020
1107;1;1170;18/05/2020
1107;2;0;22/05/2020
1107;2;0;24/05/2020
1107;0;343;28/05/2020
1107;2;0;01/06/2020
1117;0;3189;04/05/2020
1122;2;0;02/05/2020
1122;0;123;05/05/2020
1122;0;122;07/05/2020
1122;1;258;12/05/2020
1122;0;10;14/05/2020
1122;0;82;15/05/2020
1122;2;0;18/05/2020
1122;0;175;21/05/2020
1122;0;250;21/05/2020
1122;1;264;26/05/2020
1122;0;209;28/05/2020
1122;2;0;31/05/2020
1122;1;424;04/06/2020
1122;2;0;06/06/2020
1122;0;133;09/06/2020
1122;0;171;12/06/2020
1122;1;351;14/06/2020
1122;0;87;17/06/2020
1122;0;92;18/06/2020
1122;2;0;19/06/2020
1122;1;206;20/06/2020
1122;1;29;20/06/2020
1122;1;27;23/06/2020
1122;2;0;27/06/2020
1122;0;26;29/06/2020
1182;0;1963;01/05/2020
1182;0;231;03/05/2020
1182;2;0;06/05/2020
1182;0;3299;09/05/2020
1182;1;629;11/05/2020
1182;2;0;14/05/2020
1048;2;0;04/05/2020
1048;1;471;07/05/2020
1048;0;60;10/05/2020
1048;0;417;14/05/2020
1048;2;0;19/05/2020
1048;1;130;22/05/2020
1048;2;0;23/05/2020
1048;2;0;27/05/2020
1048;0;375;31/05/2020
1048;2;0;03/06/2020
1048;1;127;07/06/2020
1048;1;628;11/06/2020
1048;1;361;14/06/2020
1074;2;0;01/05/2020
1074;1;367;03/05/2020
1074;2;0;07/05/2020
1074;2;0;08/05/2020
1074;0;1234;09/05/2020
1074;2;0;13/05/2020
1074;0;219;17/05/2020
1074;0;3257;17/05/2020
1074;1;3510;22/05/2020
1074;1;4712;23/05/2020
1074;2;0;23/05/2020
1074;0;65;27/05/2020
1074;2;0;31/05/2020
1074;2;0;02/06/2020
1074;0;248;04/06/2020
1074;1;545;06/06/2020
1074;0;15;10/06/2020
1074;2;0;13/06/2020
1074;2;0;17/06/2020
1076;2;0;02/05/2020
1076;1;5;05/05/2020
1076;2;0;06/05/2020
1076;0;0;09/05/2020
1076;0;0;13/05/2020
1076;1;6;15/05/2020
1082;2;0;02/05/2020
1082;1;1225;03/05/2020
1082;1;476;04/05/2020
1115;1;457;03/05/2020
1115;2;0;05/05/2020
1115;0;424;09/05/2020
1115;0;854;10/05/2020
1115;2;0;14/05/2020
1115;1;1327;15/05/2020
1115;2;0;18/05/2020
1115;2;0;22/05/2020
1115;2;0;24/05/2020
1115;0;804;25/05/2020
1115;2;0;27/05/2020
1115;0;1099;31/05/2020
1115;1;1778;04/06/2020
1115;2;0;04/06/2020
1168;1;853;05/05/2020
1168;2;0;08/05/2020
1168;0;585;09/05/2020
1168;2;0;13/05/2020
1168;1;1469;17/05/2020
1168;0;0;21/05/2020
1168;2;0;25/05/2020
1168;0;2;28/05/2020
1168;1;4;28/05/2020
1168;2;0;31/05/2020
1168;0;0;03/06/2020
1168;0;1;04/06/2020
1168;0;1;07/06/2020
1168;1;2;10/06/2020
1168;1;0;14/06/2020
1168;1;0;18/06/2020
1168;1;1;22/06/2020
1168;2;0;24/06/2020
1168;2;0;29/06/2020
1168;0;0;30/06/2020
1175;0;375;04/05/2020
1175;2;0;05/05/2020
1175;0;15;09/05/2020
1175;0;426;10/05/2020
1175;1;1177;10/05/2020
1175;1;21;14/05/2020
1175;0;89;15/05/2020
1175;0;96;19/05/2020
1175;0;129;20/05/2020
1175;1;391;21/05/2020
1175;2;0;23/05/2020
1175;0;29;28/05/2020
1175;2;0;30/05/2020
1175;0;100;03/06/2020
1175;2;0;04/06/2020
1175;2;0;07/06/2020
1215;1;4193;03/05/2020
1215;1;376;04/05/2020
1215;0;83;09/05/2020
1215;1;5;14/05/2020
1215;2;0;17/05/2020
1215;0;132;20/05/2020
1215;0;236;22/05/2020
1215;1;321;22/05/2020
1215;2;0;25/05/2020
1215;0;340;28/05/2020
1215;1;24;31/05/2020
1215;1;171;01/06/2020
1215;0;347;06/06/2020
1215;2;0;09/06/2020
1215;2;0;11/06/2020
1215;1;102;14/06/2020
1215;0;271;18/06/2020
1215;2;0;19/06/2020
1215;1;1027;21/06/2020
1215;1;26;26/06/2020
1215;1;7;28/06/2020
1215;1;0;03/07/2020
1215;1;0;08/07/2020
1215;1;1;11/07/2020
1215;2;0;12/07/2020
1215;1;0;14/07/2020
1221;1;1839;01/05/2020
1221;0;863;04/05/2020
1221;1;2449;06/05/2020
1221;2;0;10/05/2020
1221;2;0;15/05/2020
1221;1;52;16/05/2020
1221;1;1;19/05/2020
1221;2;0;22/05/2020
1221;2;0;22/05/2020
1221;0;46;27/05/2020
1221;2;0;27/05/2020
1221;2;0;29/05/2020
1221;1;79;03/06/2020
1221;1;17;03/06/2020
1221;0;5;07/06/2020
1221;1;2;11/06/2020
1221;2;0;15/06/2020
1221;1;15;16/06/2020
1221;0;0;20/06/2020
1017;0;22;03/05/2020
1017;1;41;06/05/2020
1017;2;0;10/05/2020
1017;0;76;12/05/2020
1017;2;0;13/05/2020
1017;0;101;16/05/2020
1017;2;0;21/05/2020
1017;1;79;22/05/2020
1017;0;196;23/05/2020
1017;1;164;27/05/2020
1017;2;0;30/05/2020
1017;0;157;03/06/2020
1053;0;180;03/05/2020
1103;2;0;01/05/2020
1103;1;836;02/05/2020
1103;0;488;06/05/2020
1103;2;0;10/05/2020
1103;0;845;14/05/2020
1103;2;0;15/05/2020
1103;1;1007;17/05/2020
1103;1;1688;19/05/2020
1103;1;50;22/05/2020
1103;0;4;23/05/2020
1103;0;11;23/05/2020
1103;2;0;27/05/2020
1103;0;24;31/05/2020
1160;0;189;03/05/2020
1160;2;0;04/05/2020
1160;1;2132;08/05/2020
1160;2;0;08/05/2020
1160;1;199;12/05/2020
1160;0;496;16/05/2020
1160;2;0;19/05/2020
1160;2;0;23/05/2020
1160;1;1033;26/05/2020
1160;1;26;26/05/2020
1160;2;0;27/05/2020
1160;2;0;30/05/2020
1160;0;2;31/05/2020
1160;1;41;05/06/2020
1160;1;24;07/06/2020
1160;0;9;11/06/2020
1160;0;2;16/06/2020
1160;1;5;18/06/2020
1160;0;6;18/06/2020
1166;0;902;04/05/2020
1166;0;2606;07/05/2020
1166;0;2086;11/05/2020
1166;1;9314;13/05/2020
1166;0;498;16/05/2020
1166;1;141;18/05/2020
1166;1;554;21/05/2020
1166;1;281;24/05/2020
1166;0;34;25/05/2020
1166;1;70;30/05/2020
1166;2;0;01/06/2020
1166;1;125;01/06/2020
1166;2;0;03/06/2020
1166;2;0;04/06/2020
1166;1;34;04/06/2020
1166;2;0;05/06/2020
1166;2;0;06/06/2020
1044;2;0;05/05/2020
1044;2;0;06/05/2020
1044;2;0;09/05/2020
1044;2;0;13/05/2020
1044;2;0;17/05/2020
1044;1;252;20/05/2020
1044;1;2;20/05/2020
1044;2;0;23/05/2020
1044;0;0;26/05/2020
1044;1;0;30/05/2020
1044;1;0;03/06/2020
1044;0;0;07/06/2020
1044;1;0;10/06/2020
1044;1;0;10/06/2020
1044;0;0;11/06/2020
1044;1;0;12/06/2020
1044;2;0;13/06/2020
1079;0;77;03/05/2020
1079;2;0;05/05/2020
1079;1;205;08/05/2020
1079;1;8;11/05/2020
1079;0;15;11/05/2020
1079;1;19;12/05/2020
1079;2;0;12/05/2020
1079;0;6;17/05/2020
1079;2;0;19/05/2020
1079;1;32;21/05/2020
1079;1;3;24/05/2020
1128;1;683;04/05/2020
1128;1;780;05/05/2020
1128;1;380;06/05/2020
1128;0;250;08/05/2020
1128;0;353;10/05/2020
1128;0;718;14/05/2020
1163;0;179;01/05/2020
1163;0;333;02/05/2020
1163;1;130;07/05/2020
1163;2;0;11/05/2020
1163;1;911;12/05/2020
1163;2;0;16/05/2020
1163;2;0;19/05/2020
1163;2;0;24/05/2020
1163;0;4;25/05/2020
1163;1;58;26/05/2020
1163;1;13;30/05/2020
1163;2;0;03/06/2020
1163;1;1;05/06/2020
1163;1;0;05/06/2020
1163;1;7;10/06/2020
1163;0;1;12/06/2020
1163;0;4;16/06/2020
1163;1;9;17/06/2020
1163;0;0;21/06/2020
1163;0;0;23/06/2020
1163;0;0;25/06/2020
1163;2;0;28/06/2020
1163;0;0;30/06/2020
1163;0;0;03/07/2020
1086;1;979;04/05/2020
1086;0;771;09/05/2020
1086;2;0;12/05/2020
1086;1;1631;14/05/2020
1086;0;13;17/05/2020
1086;1;1;17/05/2020
1086;0;34;22/05/2020
1086;0;1;25/05/2020
1086;1;10;27/05/2020
1086;0;22;27/05/2020
1086;2;0;28/05/2020
1086;2;0;31/05/2020
1086;1;15;05/06/2020
1086;0;10;08/06/2020
1086;1;50;10/06/2020
1091;1;200;03/05/2020
1091;0;644;04/05/2020
1091;1;1655;06/05/2020
1091;0;401;07/05/2020
1091;2;0;10/05/2020
1091;2;0;12/05/2020
1091;1;1065;14/05/2020
1091;0;7;18/05/2020
1091;0;114;19/05/2020
1091;2;0;21/05/2020
1139;1;647;02/05/2020
1139;2;0;05/05/2020
1139;0;2911;09/05/2020
1139;1;2660;11/05/2020
1139;0;696;13/05/2020
1139;1;975;17/05/2020
1139;0;588;21/05/2020
1139;0;2236;26/05/2020
1139;1;264;29/05/2020
1139;0;3096;03/06/2020
1139;1;7960;04/06/2020
1139;0;171;08/06/2020
1139;1;1393;10/06/2020
1139;0;0;14/06/2020
1139;1;0;18/06/2020
1139;1;0;22/06/2020
1139;2;0;26/06/2020
1139;0;0;28/06/2020
1139;2;0;01/07/2020
1139;1;0;01/07/2020
1139;2;0;03/07/2020
1139;2;0;06/07/2020
1139;1;0;06/07/2020
1139;1;0;07/07/2020
1139;0;0;11/07/2020
1139;0;0;13/07/2020
1139;2;0;14/07/2020
1139;2;0;15/07/2020
1139;0;0;16/07/2020
1197;0;268;02/05/2020
1197;0;2845;03/05/2020
1197;1;2767;05/05/2020
1197;1;927;07/05/2020
1197;0;2365;10/05/2020
1197;1;1705;14/05/2020
1197;0;2282;16/05/2020
1197;2;0;17/05/2020
1197;1;3280;22/05/2020
1197;2;0;23/05/2020
1197;2;0;24/05/2020
1197;1;2548;29/05/2020
1197;0;1;31/05/2020
1197;2;0;03/06/2020
1197;2;0;03/06/2020
1197;1;353;06/06/2020
1197;0;200;10/06/2020
1197;1;128;14/06/2020
1197;1;151;18/06/2020
1197;2;0;19/06/2020
1197;1;56;23/06/2020
1197;0;54;25/06/2020
1197;0;81;29/06/2020
1197;2;0;01/07/2020
1197;0;11;01/07/2020
1197;2;0;01/07/2020
1011;2;0;02/05/2020
1011;2;0;03/05/2020
1011;1;501;06/05/2020
1011;0;209;06/05/2020
1011;0;277;08/05/2020
1011;1;110;12/05/2020
1011;2;0;15/05/2020
1011;1;1122;18/05/2020
1014;2;0;02/05/2020
1014;0;1478;04/05/2020
1014;2;0;08/05/2020
1014;2;0;08/05/2020
1014;2;0;12/05/2020
1014;1;380;16/05/2020
1014;1;1798;19/05/2020
1014;0;14;23/05/2020
1014;1;1127;24/05/2020
1014;2;0;28/05/2020
1014;1;82;30/05/2020
1014;0;7;03/06/2020
1014;0;2;06/06/2020
1014;1;7;09/06/2020
1014;1;3;09/06/2020
1014;1;2;12/06/2020
1014;0;5;14/06/2020
1014;1;3;15/06/2020
1035;2;0;03/05/2020
1035;2;0;04/05/2020
1035;2;0;04/05/2020
1042;1;422;04/05/2020
1042;0;23;05/05/2020
1042;2;0;05/05/2020
1042;0;15;08/05/2020
1042;2;0;08/05/2020
1042;1;272;12/05/2020
1042;2;0;16/05/2020
1042;1;35;21/05/2020
1042;0;11;25/05/2020
1042;1;50;27/05/2020
1042;1;6;29/05/2020
1042;2;0;02/06/2020
1042;1;2;07/06/2020
1042;2;0;09/06/2020
1042;1;6;09/06/2020
1042;0;0;14/06/2020
1042;2;0;16/06/2020
1119;0;94;04/05/2020
1119;2;0;08/05/2020
1119;0;184;10/05/2020
1119;1;154;13/05/2020
1119;2;0;14/05/2020
1120;2;0;05/05/2020
1120;1;1601;10/05/2020
1120;2;0;11/05/2020
1120;1;118;15/05/2020
1120;1;6;18/05/2020
1120;1;0;20/05/2020
1120;0;1;20/05/2020
1120;2;0;24/05/2020
1120;2;0;25/05/2020
1120;2;0;29/05/2020
1120;0;1;30/05/2020
1120;2;0;02/06/2020
1120;0;3;03/06/2020
1120;1;0;05/06/2020
1120;1;4;08/06/2020
1120;1;1;12/06/2020
1120;0;1;15/06/2020
1120;1;1;18/06/2020
1120;2;0;19/06/2020
1120;0;1;24/06/2020
1120;2;0;26/06/2020
1120;1;0;28/06/2020
1120;2;0;02/07/2020
1120;2;0;02/07/2020
1120;0;2;05/07/2020
1120;2;0;06/07/2020
1120;0;2;09/07/2020
1120;1;5;09/07/2020
1121;2;0;03/05/2020
1121;0;795;05/05/2020
1121;0;2184;07/05/2020
1121;1;551;11/05/2020
1121;0;3045;12/05/2020
1121;1;592;12/05/2020
1131;1;297;03/05/2020
1131;2;0;04/05/2020
1131;1;99;08/05/2020
1131;2;0;09/05/2020
1131;0;52;11/05/2020
1131;1;136;12/05/2020
1138;1;118;01/05/2020
1138;2;0;02/05/2020
1138;1;75;03/05/2020
1138;1;14;07/05/2020
1138;1;1;10/05/2020
1138;1;1;12/05/2020
1138;0;0;16/05/2020
1138;1;0;17/05/2020
1138;1;0;19/05/2020
1138;2;0;24/05/2020
1138;2;0;25/05/2020
1138;1;0;29/05/2020
1138;1;0;01/06/2020
1149;1;554;03/05/2020
1149;2;0;07/05/2020
1149;2;0;10/05/2020
1149;1;520;12/05/2020
1149;0;248;15/05/2020
1149;2;0;20/05/2020
1149;0;425;23/05/2020
1149;1;201;24/05/2020
1149;2;0;27/05/2020
1149;2;0;01/06/2020
1149;0;785;04/06/2020
1149;2;0;06/06/2020
1149;0;466;06/06/2020
1149;1;652;10/06/2020
1149;0;43;12/06/2020
1149;1;768;16/06/2020
1149;0;378;16/06/2020
1149;1;660;17/06/2020
1152;2;0;02/05/2020
1152;2;0;04/05/2020
1152;2;0;07/05/2020
1152;1;772;11/05/2020
1152;1;115;12/05/2020
1152;2;0;16/05/2020
1152;2;0;20/05/2020
1152;1;41;24/05/2020
1152;0;136;28/05/2020
1152;2;0;02/06/2020
1152;2;0;04/06/2020
1152;2;0;06/06/2020
1152;0;116;06/06/2020
1152;0;203;07/06/2020
1152;1;471;10/06/2020
1152;2;0;13/06/2020
1152;2;0;17/06/2020
1152;1;178;20/06/2020
1152;0;10;20/06/2020
1152;1;29;22/06/2020
1152;1;0;23/06/2020
1152;2;0;25/06/2020
1152;0;10;28/06/2020
1152;2;0;03/07/2020
1152;2;0;07/07/2020
1152;2;0;10/07/2020
1152;0;11;13/07/2020
1152;0;1;17/07/2020
1152;0;12;19/07/2020
1161;2;0;02/05/2020
1161;1;1703;05/05/2020
1161;1;457;10/05/2020
1161;2;0;12/05/2020
1161;1;62;16/05/2020
1161;2;0;20/05/2020
1161;2;0;24/05/2020
1161;0;337;27/05/2020
1161;0;192;30/05/2020
1161;0;1036;01/06/2020
1161;1;236;06/06/2020
1161;1;227;07/06/2020
1161;2;0;09/06/2020
1161;0;362;12/06/2020
1161;2;0;13/06/2020
1161;2;0;16/06/2020
1161;1;309;19/06/2020
1161;0;988;21/06/2020
1161;2;0;24/06/2020
1161;1;937;26/06/2020
1161;0;204;28/06/2020
1161;1;598;29/06/2020
1161;1;33;04/07/2020
1161;1;246;09/07/2020
1188;2;0;02/05/2020
1188;1;1337;04/05/2020
1188;1;71;04/05/2020
1188;2;0;08/05/2020
1188;0;139;11/05/2020
1188;1;250;14/05/2020
1188;0;109;19/05/2020
1188;2;0;19/05/2020
1188;0;129;20/05/2020
1188;0;377;23/05/2020
1188;0;741;26/05/2020
1188;2;0;28/05/2020
1188;1;158;01/06/2020
1188;0;1096;02/06/2020
1006;0;2436;01/05/2020
1006;0;3543;05/05/2020
1006;1;3399;08/05/2020
1006;0;1638;11/05/2020
1006;2;0;12/05/2020
1006;0;2377;14/05/2020
1006;0;2486;16/05/2020
1006;2;0;21/05/2020
1006;1;9030;23/05/2020
1006;2;0;27/05/2020
1006;2;0;30/05/2020
1006;0;2945;01/06/2020
1006;0;3178;04/06/2020
1006;1;4348;05/06/2020
1006;1;4599;07/06/2020
1006;1;58;09/06/2020
1006;1;701;12/06/2020
1006;0;52;17/06/2020
1006;0;81;21/06/2020
1006;0;132;26/06/2020
1006;1;246;30/06/2020
1006;2;0;01/07/2020
1006;2;0;02/07/2020
1006;2;0;06/07/2020
1006;2;0;10/07/2020
1006;0;41;15/07/2020
1006;1;9;18/07/2020
1041;1;1220;01/05/2020
1041;1;234;06/05/2020
1041;2;0;08/05/2020
1041;0;413;11/05/2020
1041;0;660;13/05/2020
1041;1;710;14/05/2020
1041;1;361;16/05/2020
1041;1;376;20/05/2020
1041;1;79;20/05/2020
1041;0;2;24/05/2020
1041;1;8;26/05/2020
1041;1;1;27/05/2020
1041;2;0;27/05/2020
1041;2;0;31/05/2020
1041;1;0;05/06/2020
1041;0;5;05/06/2020
1041;2;0;07/06/2020
1041;1;5;09/06/2020
1041;1;0;13/06/2020
1041;1;1;15/06/2020
1041;2;0;15/06/2020
1041;1;2;17/06/2020
1041;1;2;20/06/2020
1041;0;1;23/06/2020
1041;0;2;26/06/2020
1041;1;5;30/06/2020
1041;2;0;01/07/2020
1041;0;0;02/07/2020
1097;0;360;01/05/2020
1097;2;0;02/05/2020
1097;1;2463;05/05/2020
1097;0;118;09/05/2020
1097;2;0;12/05/2020
1097;1;547;15/05/2020
1097;2;0;19/05/2020
1097;0;1373;22/05/2020
1097;0;411;22/05/2020
1097;1;3098;24/05/2020
1130;2;0;02/05/2020
1130;0;1358;04/05/2020
1130;1;2449;08/05/2020
1130;0;777;11/05/2020
1130;1;2529;15/05/2020
1130;0;2113;16/05/2020
1130;2;0;19/05/2020
1130;1;3531;21/05/2020
1130;0;246;23/05/2020
1130;2;0;25/05/2020
1130;2;0;25/05/2020
1130;1;337;30/05/2020
1130;1;416;01/06/2020
1130;0;141;02/06/2020
1130;2;0;05/06/2020
1130;2;0;05/06/2020
1130;1;335;06/06/2020
1130;0;0;08/06/2020
1130;0;1;13/06/2020
1132;0;489;05/05/2020
1132;1;377;08/05/2020
1132;1;340;10/05/2020
1132;2;0;14/05/2020
1132;1;95;19/05/2020
1132;1;40;21/05/2020
1132;1;119;25/05/2020
1132;0;5;27/05/2020
1132;1;1;28/05/2020
1132;1;30;31/05/2020
1132;1;0;05/06/2020
1132;2;0;07/06/2020
1132;0;2;11/06/2020
1132;0;15;11/06/2020
1132;0;12;16/06/2020
1132;1;17;20/06/2020
1132;1;17;21/06/2020
1132;1;13;23/06/2020
1132;2;0;27/06/2020
1132;1;0;28/06/2020
1132;1;0;03/07/2020
1132;2;0;04/07/2020
1132;2;0;07/07/2020
1132;1;1;07/07/2020
1153;0;370;05/05/2020
1153;2;0;07/05/2020
1153;2;0;09/05/2020
1153;0;419;11/05/2020
1153;2;0;15/05/2020
1153;2;0;17/05/2020
1153;1;275;20/05/2020
1153;2;0;20/05/2020
1153;1;5134;24/05/2020
1153;2;0;25/05/2020
1153;2;0;25/05/2020
1153;2;0;26/05/2020
1153;0;35;26/05/2020
1153;0;11;30/05/2020
1153;0;91;03/06/2020
1153;0;67;08/06/2020
1153;2;0;11/06/2020
1153;2;0;12/06/2020
1153;0;95;14/06/2020
1153;2;0;18/06/2020
1153;2;0;20/06/2020
1172;0;4315;02/05/2020
1172;0;5785;05/05/2020
1172;2;0;07/05/2020
1172;1;13447;11/05/2020
1172;2;0;13/05/2020
1172;1;870;17/05/2020
1172;2;0;18/05/2020
1031;1;336;04/05/2020
1031;0;1603;06/05/2020
1031;1;757;08/05/2020
1031;0;1080;12/05/2020
1031;2;0;17/05/2020
1031;0;1192;19/05/2020
1031;1;3420;21/05/2020
1031;1;261;24/05/2020
1031;1;1460;26/05/2020
1031;2;0;30/05/2020
1031;0;9;04/06/2020
1031;1;115;05/06/2020
1031;1;50;09/06/2020
1031;1;48;11/06/2020
1031;2;0;13/06/2020
1031;2;0;14/06/2020
1031;1;5;17/06/2020
1031;1;12;20/06/2020
1031;1;0;25/06/2020
1031;0;1;30/06/2020
1031;2;0;30/06/2020
1031;1;0;01/07/2020
1031;2;0;04/07/2020
1031;2;0;08/07/2020
1031;1;2;12/07/2020
1031;0;0;14/07/2020
1031;0;0;15/07/2020
1150;1;798;03/05/2020
1150;1;17;03/05/2020
1151;1;21;01/05/2020
1151;2;0;04/05/2020
1151;0;46;06/05/2020
1151;1;19;11/05/2020
1151;1;138;13/05/2020
1151;1;9;18/05/2020
1151;2;0;20/05/2020
1151;1;3;21/05/2020
1151;2;0;25/05/2020
1151;2;0;25/05/2020
1151;1;0;30/05/2020
1151;1;0;02/06/2020
1151;2;0;05/06/2020
1151;1;1;09/06/2020
1151;2;0;13/06/2020
1151;2;0;14/06/2020
1151;2;0;18/06/2020
1151;2;0;20/06/2020
1151;1;1;22/06/2020
1151;0;0;23/06/2020
1151;1;0;24/06/2020
1151;1;0;29/06/2020
1151;0;0;04/07/2020
1151;2;0;07/07/2020
1151;0;0;08/07/2020
1151;2;0;12/07/2020
1151;0;0;13/07/2020
1213;2;0;02/05/2020
1213;2;0;04/05/2020
1213;0;525;05/05/2020
1213;1;2700;08/05/2020
1213;2;0;10/05/2020
1213;1;111;15/05/2020
1213;2;0;16/05/2020
1213;0;40;16/05/2020
1213;1;59;18/05/2020
1213;1;1;21/05/2020
1213;2;0;26/05/2020
1213;2;0;29/05/2020
1213;0;6;03/06/2020
1213;1;22;06/06/2020
1213;2;0;10/06/2020
1213;1;6;14/06/2020
1213;1;0;15/06/2020
1213;0;0;17/06/2020
1213;1;3;21/06/2020
1213;0;0;22/06/2020
1213;0;1;23/06/2020
1213;1;2;27/06/2020
1213;1;0;01/07/2020
1013;1;757;01/05/2020
1013;0;73;03/05/2020
1013;1;814;05/05/2020
1013;2;0;07/05/2020
1013;0;90;10/05/2020
1013;2;0;13/05/2020
1013;1;142;17/05/2020
1013;2;0;20/05/2020
1013;1;3;23/05/2020
1013;0;11;27/05/2020
1013;0;34;28/05/2020
1013;1;60;31/05/2020
1013;0;26;02/06/2020
1013;2;0;06/06/2020
1013;2;0;07/06/2020
1013;2;0;09/06/2020
1013;2;0;12/06/2020
1013;0;41;13/06/2020
1013;0;70;15/06/2020
1013;0;144;15/06/2020
1013;0;30;18/06/2020
1013;1;287;21/06/2020
1013;0;30;22/06/2020
1013;2;0;23/06/2020
1013;0;35;25/06/2020
1040;2;0;03/05/2020
1040;1;2183;04/05/2020
1040;1;344;05/05/2020
1040;0;1084;05/05/2020
1040;1;2183;06/05/2020
1040;2;0;08/05/2020
1040;2;0;09/05/2020
1040;1;58;13/05/2020
1040;1;54;13/05/2020
1040;2;0;15/05/2020
1040;2;0;18/05/2020
1040;0;2;23/05/2020
1040;2;0;25/05/2020
1040;2;0;27/05/2020
1040;0;3;30/05/2020
1040;0;7;31/05/2020
1040;2;0;02/06/2020
1040;2;0;02/06/2020
1040;2;0;03/06/2020
1040;2;0;06/06/2020
1040;0;7;10/06/2020
1040;2;0;13/06/2020
1040;1;10;14/06/2020
1040;0;0;17/06/2020
1040;2;0;21/06/2020
1040;2;0;24/06/2020
1040;0;4;29/06/2020
1040;2;0;03/07/2020
1080;2;0;03/05/2020
1080;1;868;07/05/2020
1080;0;1000;11/05/2020
1080;2;0;14/05/2020
1106;1;724;04/05/2020
1106;1;1;07/05/2020
1106;2;0;12/05/2020
1106;1;7;16/05/2020
1106;1;4;19/05/2020
1106;1;3;21/05/2020
1106;1;0;24/05/2020
1106;0;2;28/05/2020
1106;0;0;31/05/2020
1106;2;0;31/05/2020
1106;0;2;01/06/2020
1106;2;0;02/06/2020
1106;1;3;06/06/2020
1106;1;0;08/06/2020
1145;0;282;03/05/2020
1162;1;2072;04/05/2020
1162;0;622;07/05/2020
1162;1;1651;09/05/2020
1162;0;441;11/05/2020
1162;0;887;15/05/2020
1162;0;1578;17/05/2020
1162;2;0;20/05/2020
1162;0;1143;21/05/2020
1162;0;2675;25/05/2020
1162;2;0;25/05/2020
1162;1;5244;28/05/2020
1162;0;334;29/05/2020
1162;2;0;03/06/2020
1162;2;0;07/06/2020
1162;2;0;10/06/2020
1162;0;1527;13/06/2020
1162;0;785;14/06/2020
1162;2;0;18/06/2020
1162;0;333;19/06/2020
1162;1;144;24/06/2020
1162;2;0;26/06/2020
1162;0;2454;27/06/2020
1162;2;0;01/07/2020
1162;1;3347;06/07/2020
1047;0;147;05/05/2020
1047;1;195;07/05/2020
1047;0;485;08/05/2020
1047;1;25;08/05/2020
1047;1;581;11/05/2020
1047;0;40;12/05/2020
1047;0;396;12/05/2020
1047;2;0;14/05/2020
1047;1;467;15/05/2020
1047;0;315;20/05/2020
1047;2;0;21/05/2020
1047;1;671;23/05/2020
1047;0;9;28/05/2020
1071;2;0;04/05/2020
1071;0;1347;06/05/2020
1071;2;0;07/05/2020
1084;2;0;02/05/2020
1084;0;1225;03/05/2020
1084;1;1981;04/05/2020
1084;2;0;09/05/2020
1084;0;768;12/05/2020
1084;0;2539;13/05/2020
1084;1;1014;18/05/2020
1084;1;490;18/05/2020
1084;2;0;19/05/2020
1084;2;0;20/05/2020
1084;2;0;24/05/2020
1084;0;462;27/05/2020
1084;1;515;27/05/2020
1084;2;0;31/05/2020
1084;1;1042;31/05/2020
1084;2;0;03/06/2020
1084;0;737;05/06/2020
1084;2;0;05/06/2020
1084;2;0;06/06/2020
1084;0;493;08/06/2020
1084;0;3238;11/06/2020
1183;0;198;01/05/2020
1183;2;0;02/05/2020
1183;2;0;07/05/2020
1183;2;0;08/05/2020
1183;0;699;08/05/2020
1183;2;0;12/05/2020
1183;1;892;16/05/2020
1183;2;0;20/05/2020
1183;1;625;21/05/2020
1183;1;3;25/05/2020
1183;1;0;26/05/2020
1183;1;0;30/05/2020
1183;2;0;31/05/2020
1183;2;0;03/06/2020
1183;2;0;08/06/2020
1183;1;0;10/06/2020
1183;2;0;15/06/2020
1183;1;0;15/06/2020
1183;0;0;18/06/2020
1183;0;0;19/06/2020
1183;0;0;23/06/2020
1183;0;0;27/06/2020
1183;2;0;30/06/2020
1183;1;0;02/07/2020
1183;1;0;03/07/2020
1183;0;0;06/07/2020
1183;2;0;06/07/2020
1185;1;3947;05/05/2020
1185;2;0;06/05/2020
1185;1;152;06/05/2020
1185;1;309;11/05/2020
1185;2;0;16/05/2020
1185;1;261;17/05/2020
1185;2;0;21/05/2020
1185;1;12;24/05/2020
1185;0;123;28/05/2020
1185;0;229;02/06/2020
1185;0;345;03/06/2020
1185;0;793;07/06/2020
1185;0;794;12/06/2020
1185;2;0;14/06/2020
1185;0;1027;18/06/2020
1185;1;1937;19/06/2020
1185;0;783;19/06/2020
1185;2;0;23/06/2020
1185;2;0;26/06/2020
1185;0;2016;27/06/2020
1185;0;1736;28/06/2020
1185;0;1979;02/07/2020
1185;2;0;03/07/2020
1185;0;3571;03/07/2020
1191;2;0;02/05/2020
1191;0;3117;06/05/2020
1191;1;2596;10/05/2020
1191;2;0;15/05/2020
1191;1;3133;16/05/2020
1191;0;282;17/05/2020
1191;2;0;21/05/2020
1191;1;2061;22/05/2020
1191;0;31;23/05/2020
1217;2;0;01/05/2020
1217;0;2523;03/05/2020
1217;0;4732;06/05/2020
1217;1;732;09/05/2020
1217;0;7039;11/05/2020
1217;1;15433;12/05/2020
1217;2;0;15/05/2020
1217;0;22;19/05/2020
1217;1;585;22/05/2020
1217;0;52;23/05/2020
1217;0;313;25/05/2020
1217;0;294;25/05/2020
1217;2;0;26/05/2020
1217;0;380;28/05/2020
1217;2;0;28/05/2020
1217;0;566;29/05/2020
1217;1;809;30/05/2020
1217;2;0;30/05/2020
1023;2;0;01/05/2020
1023;1;1132;01/05/2020
1063;2;0;02/05/2020
1063;1;268;03/05/2020
1063;1;221;06/05/2020
1064;0;272;04/05/2020
1064;0;324;06/05/2020
1064;2;0;07/05/2020
1064;1;752;11/05/2020
1064;0;64;12/05/2020
1064;0;244;15/05/2020
1064;0;397;19/05/2020
1064;2;0;20/05/2020
1064;2;0;22/05/2020
1064;1;97;23/05/2020
1064;1;137;27/05/2020
1064;1;474;29/05/2020
1064;0;180;30/05/2020
1064;1;110;01/06/2020
1064;0;133;03/06/2020
1064;0;143;07/06/2020
1064;0;462;08/06/2020
1064;2;0;12/06/2020
1064;2;0;16/06/2020
1064;1;397;17/06/2020
1069;0;340;01/05/2020
1070;1;1992;03/05/2020
1070;1;155;03/05/2020
1070;2;0;07/05/2020
1070;1;16;10/05/2020
1070;1;30;13/05/2020
1070;2;0;15/05/2020
1070;0;1;19/05/2020
1070;0;0;22/05/2020
1070;0;2;26/05/2020
1070;1;0;28/05/2020
1070;0;1;29/05/2020
1070;1;3;29/05/2020
1070;2;0;01/06/2020
1070;2;0;03/06/2020
1070;0;0;06/06/2020
1070;2;0;09/06/2020
1070;2;0;12/06/2020
1070;2;0;12/06/2020
1070;0;1;17/06/2020
1070;2;0;17/06/2020
1070;0;1;19/06/2020
1070;1;2;19/06/2020
1070;1;2;20/06/2020
1070;1;0;21/06/2020
1070;2;0;24/06/2020
1070;1;0;28/06/2020
1070;0;0;30/06/2020
1109;2;0;05/05/2020
1109;0;1298;05/05/2020
1109;1;975;06/05/2020
1109;0;67;08/05/2020
1137;2;0;05/05/2020
1137;2;0;06/05/2020
1137;1;14;08/05/2020
1137;0;15;12/05/2020
1137;1;17;16/05/2020
1137;1;2;20/05/2020
1137;2;0;21/05/2020
1137;1;15;23/05/2020
1137;0;7;25/05/2020
1137;0;1;27/05/2020
1137;2;0;29/05/2020
1137;2;0;30/05/2020
1137;0;18;02/06/2020
1137;0;31;06/06/2020
1137;1;38;07/06/2020
1137;0;30;11/06/2020
1137;2;0;12/06/2020
1186;0;3193;02/05/2020
1186;0;4181;04/05/2020
1186;2;0;09/05/2020
1186;0;3080;09/05/2020
1186;0;6019;11/05/2020
1186;1;10566;14/05/2020
1186;0;1890;15/05/2020
1186;1;10530;17/05/2020
1186;0;22;18/05/2020
1186;2;0;21/05/2020