1008;0;100007681-00;868
1055;1;100007681-00;2579
1108;0;100007681-00;1078
1118;1;100007681-00;3254
1169;1;100007681-00;4818
1178;1;100007681-00;4701
1187;0;100007681-00;863
1029;1;100027736-00;4531
1093;1;100027736-00;4536
1167;0;100027736-00;2224
1181;1;100027736-00;2953
1194;0;100027736-00;1402
1206;0;100027736-00;409
1039;1;100059491-00;4025
1050;0;100059491-00;1448
1051;1;100059491-00;3240
1127;1;100059491-00;2961
1214;1;100059491-00;4453
1052;0;100084612-00;718
1058;1;100084612-00;3532
1099;0;100084612-00;1664
1133;0;100084612-00;1606
1141;0;100084612-00;1190
1177;0;100084612-00;909
1033;0;100101781-00;207
1072;0;100101781-00;2497
1085;0;100101781-00;222
1105;1;100101781-00;3880
1112;1;100101781-00;3831
1123;0;100101781-00;1098
1144;0;100101781-00;1397
1164;1;100101781-00;2990
1216;0;100101781-00;780
1004;0;100121477-00;842
1005;0;100121477-00;1312
1009;1;100121477-00;3806
1015;0;100121477-00;1301
1125;0;100121477-00;192
1210;1;100121477-00;3893
1219;1;100121477-00;3171
1030;1;100156024-00;3462
1036;1;100156024-00;4105
1140;1;100156024-00;4479
1189;1;100156024-00;2711
1190;1;100156024-00;3079
1196;1;100156024-00;2627
1200;1;100156024-00;3322
1028;0;100181539-00;738
1078;1;100181539-00;3270
1173;1;100181539-00;4051
1208;1;100181539-00;4025
1100;1;100189196-00;3553
1129;0;100189196-00;468
1176;0;100189196-00;14
1056;0;100212742-00;253
1062;0;100212742-00;1825
1101;0;100212742-00;811
1154;1;100212742-00;4937
1205;1;100212742-00;3200
1110;1;100242330-00;2564
1113;1;100242330-00;3360
1136;1;100242330-00;4129
1212;1;100242330-00;4715
1022;0;100269121-00;450
1147;1;100269121-00;3126
1157;1;100269121-00;4416
1184;1;100269121-00;4553
1195;0;100269121-00;1698
1002;0;100298654-00;627
1057;0;100298654-00;2101
1067;0;100298654-00;2320
1126;0;100298654-00;1080
1148;0;100298654-00;961
1193;1;100298654-00;3736
1203;0;100298654-00;1142
1158;0;100317320-00;933
1204;1;100317320-00;4168
1020;0;100324000-00;1987
1032;0;100324000-00;931
1034;0;100324000-00;1540
1061;0;100324000-00;66
1073;0;100324000-00;44
1089;1;100324000-00;3961
1124;0;100324000-00;1327
1155;1;100324000-00;3908
1165;0;100351534-00;1957
1211;1;100351534-00;4766
1007;1;100389231-00;2564
1012;1;100389231-00;2528
1018;1;100389231-00;4070
1102;0;100389231-00;515
1179;1;100389231-00;3600
1220;1;100389231-00;2504
1060;0;100415004-00;1092
1066;0;100415004-00;354
1170;0;100415004-00;2318
1180;0;100415004-00;2020
1218;0;100415004-00;1056
1024;1;100437384-00;4080
1027;1;100437384-00;3555
1054;1;100437384-00;3022
1075;0;100437384-00;64
1209;1;100437384-00;4400
1025;1;100456745-00;2699
1068;0;100456745-00;60
1083;0;100456745-00;1876
1095;1;100456745-00;3675
1156;0;100456745-00;676
1159;0;100456745-00;1473
1198;0;100456745-00;1235
1001;0;100475337-00;704
1134;0;100475337-00;1619
1202;0;100475337-00;1385
1003;1;100490061-00;2613
1010;0;100490061-00;1172
1046;1;100490061-00;3132
1090;1;100490061-00;2661
1094;1;100490061-00;2933
1000;1;100513016-00;3340
1021;0;100513016-00;760
1059;1;100513016-00;3142
1077;0;100513016-00;318
1092;0;100513016-00;1486
1142;1;100513016-00;4631
1016;1;100517097-00;2587
1087;0;100517097-00;709
1088;0;100517097-00;2184
1096;0;100517097-00;97
1116;1;100517097-00;2760
1143;1;100517097-00;4226
1171;1;100517097-00;2715
1192;1;100517097-00;4111
1038;1;100547166-00;2678
1049;1;100547166-00;3862
1111;1;100547166-00;4935
1201;0;100547166-00;947
1207;0;100547166-00;2102
1019;1;100565454-00;2885
1026;0;100565454-00;220
1037;0;100565454-00;19
1065;1;100565454-00;3590
1104;0;100565454-00;1666
1114;1;100565454-00;3574
1135;1;100565454-00;3755
1146;1;100565454-00;3172
1174;0;100565454-00;641
1199;1;100565454-00;4440
1043;0;100604722-00;131
1045;1;100604722-00;3908
1081;1;100604722-00;4644
1098;1;100604722-00;4788
1107;0;100604722-00;673
1117;1;100604722-00;4949
1122;0;100604722-00;135
1182;0;100604722-00;2000
1048;0;100621499-00;1249
1074;1;100621499-00;4144
1076;0;100621499-00;15
1082;0;100621499-00;2305
1115;0;100621499-00;1447
1168;0;100621499-00;1741
1175;0;100621499-00;536
1215;1;100621499-00;4845
1221;1;100621499-00;3541
1017;0;100632513-00;176
1053;0;100632513-00;222
1103;0;100632513-00;2260
1160;1;100632513-00;2799
1166;1;100632513-00;4404
1044;0;100640820-00;255
1079;0;100640820-00;172
1128;0;100640820-00;2111
1163;0;100640820-00;609
1086;0;100654159-00;1863
1091;0;100654159-00;2003
1139;1;100654159-00;4202
1197;1;100654159-00;4021
1011;0;100688643-00;1286
1014;0;100688643-00;1904
1035;1;100688643-00;2915
1042;0;100688643-00;745
1119;0;100688643-00;121
1120;0;100688643-00;1727
1121;1;100688643-00;4645
1131;0;100688643-00;606
1138;0;100688643-00;210
1149;0;100688643-00;1486
1152;0;100688643-00;1154
1161;1;100688643-00;2781
1188;0;100688643-00;1669
1006;1;100711835-00;3622
1041;0;100711835-00;1922
1097;1;100711835-00;4408
1130;1;100711835-00;4967
1132;0;100711835-00;530
1153;1;100711835-00;4667
1172;1;100711835-00;4738
1031;1;100748047-00;2582
1150;0;100748047-00;915
1151;0;100748047-00;147
1213;0;100748047-00;2333
1013;0;100780644-00;1601
1040;1;100780644-00;3741
1080;1;100780644-00;4567
1106;0;100780644-00;742
1145;1;100780644-00;2726
1162;1;100780644-00;3562
1047;0;100813751-00;575
1071;1;100813751-00;2567
1084;1;100813751-00;3083
1183;0;100813751-00;624
1185;1;100813751-00;4819
1191;1;100813751-00;4712
1217;1;100813751-00;2937
1023;1;100831361-00;3525
1063;0;100831361-00;1337
1064;0;100831361-00;343
1069;1;100831361-00;3989
1070;0;100831361-00;2195
1109;1;100831361-00;2958
1137;0;100831361-00;45
1186;1;100831361-00;4452